INFO 2022-02-08 15:44:44,596 Testing how to add k-th order approx to chain rule method, date: 08-02-2022
INFO 2022-02-08 15:44:44,596 M=4, r=1.55, alpha=2, num_coh=0, cutoff=10
INFO 2022-02-08 15:44:44,597 U=[[-0.14974657+0.51773298j  0.09075998+0.28971403j  0.1034774 +0.09964843j
  -0.50470972+0.5847971j ]
 [ 0.22141695+0.28548642j -0.72218295-0.34901605j -0.45017129+0.01522517j
  -0.01683973+0.15146633j]
 [ 0.08949141+0.64104344j -0.07835949+0.3438002j   0.12225183-0.40161179j
   0.18513937-0.49618715j]
 [ 0.3174899 -0.24342418j -0.36077764-0.09984331j  0.68391816-0.36399869j
  -0.3053072 +0.07977509j]]
INFO 2022-02-08 15:44:44,613 mu=[ 0.  0.  0.  0.  0. -0.  0.  0.], cov=[[15.63845751  3.03018737  2.24418368 -3.20274225  7.4450524   3.30739208
  -3.19183396  1.11957986]
 [ 3.03018737  5.06242799 -0.40435355 -0.62263134  3.30739208 -6.77569522
  -1.8342822  -4.00358899]
 [ 2.24418368 -0.40435355 20.79409933 -1.85572277 -3.19183396 -1.8342822
   2.44864183  0.96787569]
 [-3.20274225 -0.62263134 -1.85572277  4.65469431  1.11957986 -4.00358899
   0.96787569  6.96852113]
 [ 7.4450524   3.30739208 -3.19183396  1.11957986  6.60454297 -3.03018737
  -2.24418368  3.20274225]
 [ 3.30739208 -6.77569522 -1.8342822  -4.00358899 -3.03018737 17.18057249
   0.40435355  0.62263134]
 [-3.19183396 -1.8342822   2.44864183  0.96787569 -2.24418368  0.40435355
   1.44890116  1.85572277]
 [ 1.11957986 -4.00358899  0.96787569  6.96852113  3.20274225  0.62263134
   1.85572277 17.58830617]]
INFO 2022-02-08 15:44:44,920 det_pattern=[0 0 0 0], Jake_prob=0.6596219988056147, k_prob=7.949559097735142e-08, equal = False
INFO 2022-02-08 15:44:44,920 det_pattern=[1 0 0 0], Jake_prob=0.06208540036241231, k_prob=3.152020690067146e-08, equal = False
INFO 2022-02-08 15:44:44,930 det_pattern=[2 0 0 0], Jake_prob=0.1307709120906524, k_prob=5.500338972443958e-08, equal = False
INFO 2022-02-08 15:44:44,930 det_pattern=[3 0 0 0], Jake_prob=0.044167758155263644, k_prob=1.732647746154021e-07, equal = False
INFO 2022-02-08 15:44:44,940 det_pattern=[4 0 0 0], Jake_prob=0.038032974979135784, k_prob=7.799850326706269e-07, equal = False
INFO 2022-02-08 15:44:44,940 det_pattern=[5 0 0 0], Jake_prob=0.026150025253639953, k_prob=4.5151805114009995e-06, equal = False
INFO 2022-02-08 15:44:44,951 det_pattern=[6 0 0 0], Jake_prob=0.011980670410909545, k_prob=3.1939484205629646e-05, equal = False
INFO 2022-02-08 15:44:44,951 det_pattern=[7 0 0 0], Jake_prob=0.014430685308684615, k_prob=0.0002744186831996526, equal = False
INFO 2022-02-08 15:44:44,959 det_pattern=[8 0 0 0], Jake_prob=0.0038523796157033966, k_prob=0.0030049190442356264, equal = False
INFO 2022-02-08 15:44:44,961 det_pattern=[9 0 0 0], Jake_prob=0.00766826886806742, k_prob=0.04534884308154631, equal = False
INFO 2022-02-08 15:44:44,971 det_pattern=[10  0  0  0], Jake_prob=0.0012389261499162433, k_prob=0.9513342452573065, equal = False
INFO 2022-02-08 15:44:45,041 det_pattern=[0 0 0 0], Jake_prob=0.42721881458417127, k_prob=2.5989381299781807e-10, equal = False
INFO 2022-02-08 15:44:45,051 det_pattern=[0 1 0 0], Jake_prob=0.059597022415615895, k_prob=1.9617402884805408e-10, equal = False
INFO 2022-02-08 15:44:45,059 det_pattern=[0 2 0 0], Jake_prob=0.1612374590413399, k_prob=6.544186586263729e-10, equal = False
INFO 2022-02-08 15:44:45,069 det_pattern=[0 3 0 0], Jake_prob=0.055618750099422805, k_prob=3.9741147187928635e-09, equal = False
INFO 2022-02-08 15:44:45,071 det_pattern=[0 4 0 0], Jake_prob=0.08964557497387993, k_prob=3.49276207286835e-08, equal = False
INFO 2022-02-08 15:44:45,079 det_pattern=[0 5 0 0], Jake_prob=0.043203531633745976, k_prob=4.003230725046227e-07, equal = False
INFO 2022-02-08 15:44:45,081 det_pattern=[0 6 0 0], Jake_prob=0.054439431743303894, k_prob=5.641225407078352e-06, equal = False
INFO 2022-02-08 15:44:45,081 det_pattern=[0 7 0 0], Jake_prob=0.03128453947298447, k_prob=9.412219138761229e-05, equal = False
INFO 2022-02-08 15:44:45,092 det_pattern=[0 8 0 0], Jake_prob=0.034175442819352496, k_prob=0.0018115090460496374, equal = False
INFO 2022-02-08 15:44:45,092 det_pattern=[0 9 0 0], Jake_prob=0.02181821198174603, k_prob=0.03945779904171302, equal = False
INFO 2022-02-08 15:44:45,100 det_pattern=[ 0 10  0  0], Jake_prob=0.02176122123443744, k_prob=0.9586304881601482, equal = False
INFO 2022-02-08 15:45:01,385 det_pattern=[0 7 0 0], Jake_prob=0.1838365056014709, k_prob=1.8638407119392714e-11, equal = False
INFO 2022-02-08 15:45:01,393 det_pattern=[0 7 1 0], Jake_prob=0.17529092414880434, k_prob=1.5078118228298496e-11, equal = False
INFO 2022-02-08 15:45:01,393 det_pattern=[0 7 2 0], Jake_prob=0.0481224602850851, k_prob=6.582223272955702e-11, equal = False
INFO 2022-02-08 15:45:01,403 det_pattern=[0 7 3 0], Jake_prob=0.18036634228774073, k_prob=5.57381377753409e-10, equal = False
INFO 2022-02-08 15:45:01,403 det_pattern=[0 7 4 0], Jake_prob=0.01889846335059458, k_prob=6.826678654833914e-09, equal = False
INFO 2022-02-08 15:45:01,403 det_pattern=[0 7 5 0], Jake_prob=0.15546246742469103, k_prob=1.0702813854726162e-07, equal = False
INFO 2022-02-08 15:45:01,419 det_pattern=[0 7 6 0], Jake_prob=0.008249854771797144, k_prob=2.0220644917992744e-06, equal = False
INFO 2022-02-08 15:45:01,419 det_pattern=[0 7 7 0], Jake_prob=0.12571006977305269, k_prob=4.4466473704480383e-05, equal = False
INFO 2022-02-08 15:45:01,419 det_pattern=[0 7 8 0], Jake_prob=0.00377704163619464, k_prob=0.0011128543445028407, equal = False
INFO 2022-02-08 15:45:01,435 det_pattern=[0 7 9 0], Jake_prob=0.09851665456858351, k_prob=0.031194633297143944, equal = False
INFO 2022-02-08 15:45:01,435 det_pattern=[ 0  7 10  0], Jake_prob=0.0017692161519852717, k_prob=0.9676459093084196, equal = False
