INFO 2022-02-08 15:29:58,269 Testing how to add k-th order approx to chain rule method, date: 08-02-2022
INFO 2022-02-08 15:29:58,269 M=4, r=1.55, alpha=2, num_coh=0, cutoff=10
INFO 2022-02-08 15:29:58,269 U=[[ 0.0859098 +5.49708790e-01j  0.58908797-9.28467244e-02j
   0.31427695+3.11586311e-01j -0.24808035+2.78199043e-01j]
 [-0.10025833+3.24280209e-04j  0.12219902-6.16427460e-01j
  -0.68845422+3.40347744e-01j  0.06841208+2.33823715e-02j]
 [-0.26601929-2.40452357e-01j -0.13388439-3.64842369e-01j
   0.16393446-1.99435068e-01j -0.80769324+3.69350422e-02j]
 [-0.39159594+6.31234454e-01j -0.15632275-2.71969933e-01j
   0.09285455-3.72917352e-01j  0.18194619-4.11093056e-01j]]
INFO 2022-02-08 15:29:58,284 mu=[ 0.  0.  0.  0.  0. -0.  0.  0.], cov=[[10.79543178  3.76519987 -3.32670793  3.13873412 -0.47493958  5.80271792
   6.81029317  2.6849364 ]
 [ 3.76519987 11.04100193  3.49588821  0.69384045  5.80271792  6.82472316
  -2.64400842 -2.92621713]
 [-3.32670793  3.49588821  5.1859809   0.14694906  6.81029317 -2.64400842
  -1.11396309 -3.08800523]
 [ 3.13873412  0.69384045  0.14694906 17.33515519  2.6849364  -2.92621713
  -3.08800523  6.95817454]
 [-0.47493958  5.80271792  6.81029317  2.6849364  11.44756871 -3.76519987
   3.32670793 -3.13873412]
 [ 5.80271792  6.82472316 -2.64400842 -2.92621713 -3.76519987 11.20199855
  -3.49588821 -0.69384045]
 [ 6.81029317 -2.64400842 -1.11396309 -3.08800523  3.32670793 -3.49588821
  17.05701959 -0.14694906]
 [ 2.6849364  -2.92621713 -3.08800523  6.95817454 -3.13873412 -0.69384045
  -0.14694906  4.9078453 ]]
