INFO 2022-02-08 13:04:54,931 Testing how to add k-th order approx to chain rule method, date: 08-02-2022
INFO 2022-02-08 13:04:54,931 M=4, r=1.55, alpha=2, num_coh=0, cutoff=10
INFO 2022-02-08 13:04:54,939 U=[[ 0.36243709+0.06050849j -0.52662746+0.36268437j -0.46465559+0.43889046j
  -0.2132753 -0.04566871j]
 [ 0.00794238-0.1343427j   0.20599597-0.64105146j -0.0661466 +0.44736937j
  -0.56765586+0.0419493j ]
 [-0.44209748+0.28595753j -0.1641247 +0.28545549j  0.31820376-0.10136387j
  -0.60060484-0.37696407j]
 [-0.07793412+0.75071394j  0.15051607-0.08164196j  0.12788461+0.50899203j
   0.35033779-0.05357642j]]
INFO 2022-02-08 13:04:54,951 mu=[0. 0. 0. 0. 0. 0. 0. 0.], cov=[[ 7.35355077 -1.02341618  2.07264606  5.35331111  8.04730593 -1.59689416
  -1.79016118 -1.99380581]
 [-1.02341618 14.02118281 -6.25971083  3.91981671 -1.59689416  4.13208662
  -6.24190368  0.31259039]
 [ 2.07264606 -6.25971083  7.03723812  3.5438028  -1.79016118 -6.24190368
  -0.46256775  2.75466573]
 [ 5.35331111  3.91981671  3.5438028  18.48025437 -1.99380581  0.31259039
   2.75466573  0.54213145]
 [ 8.04730593 -1.59689416 -1.79016118 -1.99380581 14.88944971  1.02341618
  -2.07264606 -5.35331111]
 [-1.59689416  4.13208662 -6.24190368  0.31259039  1.02341618  8.22181767
   6.25971083 -3.91981671]
 [-1.79016118 -6.24190368 -0.46256775  2.75466573 -2.07264606  6.25971083
  15.20576237 -3.5438028 ]
 [-1.99380581  0.31259039  2.75466573  0.54213145 -5.35331111 -3.91981671
  -3.5438028   3.76274611]]
INFO 2022-02-08 13:04:55,284 det_pattern=[0 0 0 0], Jake_prob=0.05615881739731622, k_prob=2.4525724892301928e-27, equal = False
INFO 2022-02-08 13:04:55,284 det_pattern=[1 0 0 0], Jake_prob=0.14827940431548461, k_prob=-7.623783376160915e-28, equal = False
INFO 2022-02-08 13:04:55,294 det_pattern=[2 0 0 0], Jake_prob=0.13512826825736823, k_prob=-1.7448844710346783e-27, equal = False
INFO 2022-02-08 13:04:55,294 det_pattern=[3 0 0 0], Jake_prob=0.09189210559926901, k_prob=-3.1253815083948183e-28, equal = False
INFO 2022-02-08 13:04:55,302 det_pattern=[4 0 0 0], Jake_prob=0.10887391502061601, k_prob=2.0024993403166327e-27, equal = False
INFO 2022-02-08 13:04:55,304 det_pattern=[5 0 0 0], Jake_prob=0.09828628218809043, k_prob=-2.6647841046430343e-25, equal = False
INFO 2022-02-08 13:04:55,304 det_pattern=[6 0 0 0], Jake_prob=0.08430064782916477, k_prob=-3.719737912162277e-22, equal = False
INFO 2022-02-08 13:04:55,314 det_pattern=[7 0 0 0], Jake_prob=0.08383836147407418, k_prob=-4.358889611113192e-19, equal = False
INFO 2022-02-08 13:04:55,314 det_pattern=[8 0 0 0], Jake_prob=0.07065180087027984, k_prob=6.897069457903671e-14, equal = False
INFO 2022-02-08 13:04:55,324 det_pattern=[9 0 0 0], Jake_prob=0.0650644875846763, k_prob=1.0417406762155269e-07, equal = False
INFO 2022-02-08 13:04:55,324 det_pattern=[10  0  0  0], Jake_prob=0.057525909463660395, k_prob=0.9999998958258635, equal = False
INFO 2022-02-08 13:04:55,435 det_pattern=[0 0 0 0], Jake_prob=0.2519793628458078, k_prob=1.937004147662458e-15, equal = False
INFO 2022-02-08 13:04:55,445 det_pattern=[0 1 0 0], Jake_prob=0.227412905511657, k_prob=4.633665022966078e-16, equal = False
INFO 2022-02-08 13:04:55,455 det_pattern=[0 2 0 0], Jake_prob=0.16565604667030934, k_prob=-4.2472178604237e-16, equal = False
INFO 2022-02-08 13:04:55,463 det_pattern=[0 3 0 0], Jake_prob=0.12720204804867338, k_prob=-2.0657168932314146e-15, equal = False
INFO 2022-02-08 13:04:55,465 det_pattern=[0 4 0 0], Jake_prob=0.08515431297948836, k_prob=2.1865769291719938e-16, equal = False
INFO 2022-02-08 13:04:55,475 det_pattern=[0 5 0 0], Jake_prob=0.05702141165058723, k_prob=1.2483076817317446e-16, equal = False
INFO 2022-02-08 13:04:55,483 det_pattern=[0 6 0 0], Jake_prob=0.036195941446052544, k_prob=1.1857945421144895e-14, equal = False
INFO 2022-02-08 13:04:55,485 det_pattern=[0 7 0 0], Jake_prob=0.022587597717532618, k_prob=3.2331618182880955e-12, equal = False
INFO 2022-02-08 13:04:55,493 det_pattern=[0 8 0 0], Jake_prob=0.01374294267567829, k_prob=1.0818246850325508e-09, equal = False
INFO 2022-02-08 13:04:55,493 det_pattern=[0 9 0 0], Jake_prob=0.008213594134331733, k_prob=-9.868307122924104e-06, equal = False
INFO 2022-02-08 13:04:55,503 det_pattern=[ 0 10  0  0], Jake_prob=0.004833836319881685, k_prob=1.000009867222053, equal = False
INFO 2022-02-08 13:04:55,684 det_pattern=[0 1 0 0], Jake_prob=0.4108949702080413, k_prob=1.0529146332563962e-21, equal = False
INFO 2022-02-08 13:04:55,686 det_pattern=[0 1 1 0], Jake_prob=0.16553102875516945, k_prob=-6.798051876711772e-23, equal = False
INFO 2022-02-08 13:04:55,686 det_pattern=[0 1 2 0], Jake_prob=0.25691126923168056, k_prob=2.8716354907201493e-22, equal = False
INFO 2022-02-08 13:04:55,696 det_pattern=[0 1 3 0], Jake_prob=0.10900705448087203, k_prob=-1.6301486182077244e-21, equal = False
INFO 2022-02-08 13:04:55,704 det_pattern=[0 1 4 0], Jake_prob=0.013673000005301639, k_prob=-2.086554861473621e-21, equal = False
INFO 2022-02-08 13:04:55,706 det_pattern=[0 1 5 0], Jake_prob=0.028850640608220818, k_prob=7.061337006876375e-20, equal = False
INFO 2022-02-08 13:04:55,716 det_pattern=[0 1 6 0], Jake_prob=0.00802755231302296, k_prob=1.0759556314259108e-17, equal = False
INFO 2022-02-08 13:04:55,716 det_pattern=[0 1 7 0], Jake_prob=0.0037896276250190797, k_prob=-1.0280031040197411e-14, equal = False
INFO 2022-02-08 13:04:55,724 det_pattern=[0 1 8 0], Jake_prob=0.002291305372178246, k_prob=-6.421760108545894e-11, equal = False
INFO 2022-02-08 13:04:55,724 det_pattern=[0 1 9 0], Jake_prob=0.0006150608924154989, k_prob=2.8786748806868107e-06, equal = False
INFO 2022-02-08 13:04:55,736 det_pattern=[ 0  1 10  0], Jake_prob=0.0004084905080785357, k_prob=0.9999971213893472, equal = False
INFO 2022-02-08 13:04:56,402 det_pattern=[0 1 2 0], Jake_prob=6.222231371090368e-32, k_prob=7.334623678830567e-33, equal = False
INFO 2022-02-08 13:04:56,402 det_pattern=[0 1 2 1], Jake_prob=0.7219540972733203, k_prob=-9.42143391567008e-33, equal = False
INFO 2022-02-08 13:04:56,413 det_pattern=[0 1 2 2], Jake_prob=1.0432292891955335e-31, k_prob=7.122322359856031e-33, equal = False
INFO 2022-02-08 13:04:56,413 det_pattern=[0 1 2 3], Jake_prob=0.22595384824016945, k_prob=-4.544407777451968e-32, equal = False
INFO 2022-02-08 13:04:56,423 det_pattern=[0 1 2 4], Jake_prob=4.726906520356089e-32, k_prob=6.2672863448119205e-31, equal = False
INFO 2022-02-08 13:04:56,431 det_pattern=[0 1 2 5], Jake_prob=0.046733289982803974, k_prob=6.721404660317053e-29, equal = False
INFO 2022-02-08 13:04:56,433 det_pattern=[0 1 2 6], Jake_prob=1.1851783650812045e-32, k_prob=1.6499910094127832e-25, equal = False
INFO 2022-02-08 13:04:56,441 det_pattern=[0 1 2 7], Jake_prob=0.005226946598738502, k_prob=5.541802337302054e-21, equal = False
INFO 2022-02-08 13:04:56,443 det_pattern=[0 1 2 8], Jake_prob=1.2432314830014035e-33, k_prob=2.401833579993169e-15, equal = False
INFO 2022-02-08 13:04:56,451 det_pattern=[0 1 2 9], Jake_prob=0.00013181790496777365, k_prob=1.3477639296500173e-08, equal = False
INFO 2022-02-08 13:04:56,453 det_pattern=[ 0  1  2 10], Jake_prob=3.0740615595296193e-34, k_prob=0.9999999865223583, equal = False
