INFO 2022-02-08 15:33:28,420 Testing how to add k-th order approx to chain rule method, date: 08-02-2022
INFO 2022-02-08 15:33:28,420 M=4, r=1.55, alpha=2, num_coh=0, cutoff=10
INFO 2022-02-08 15:33:28,420 U=[[ 2.09063701e-01-0.25841435j  6.35823449e-01+0.2648714j
   6.29086555e-01+0.02944016j -9.70957213e-02+0.09508881j]
 [-2.46607265e-02+0.31374397j -5.18726240e-01+0.14920814j
   6.41011219e-01-0.43379497j  7.19008209e-02-0.07330346j]
 [ 6.60622946e-03+0.20625456j  2.01426254e-04+0.11265391j
  -5.58134427e-02+0.00137363j  3.12426267e-01+0.91869324j]
 [ 2.29903836e-01+0.83368495j  3.77694584e-01-0.28086929j
  -2.70963220e-03+0.03443184j -1.31481331e-01-0.1099665j ]]
INFO 2022-02-08 15:33:28,435 mu=[ 0.  0.  0.  0.  0. -0.  0.  0.], cov=[[ 3.2980575  -1.3578911   1.41640219 -6.62977214 -2.73973976  2.33302451
  -0.58508676 -0.62134166]
 [-1.3578911   7.00659482  0.30085274  4.7136991   2.33302451  8.16275419
  -0.07559419 -3.08588843]
 [ 1.41640219  0.30085274 19.96562559  0.87132043 -0.58508676 -0.07559419
  -6.38740139  0.68291292]
 [-6.62977214  4.7136991   0.87132043 17.48373275 -0.62134166 -3.08588843
   0.68291292 -2.21417821]
 [-2.73973976  2.33302451 -0.58508676 -0.62134166 18.94494298  1.3578911
  -1.41640219  6.62977214]
 [ 2.33302451  8.16275419 -0.07559419 -3.08588843  1.3578911  15.23640566
  -0.30085274 -4.7136991 ]
 [-0.58508676 -0.07559419 -6.38740139  0.68291292 -1.41640219 -0.30085274
   2.27737489 -0.87132043]
 [-0.62134166 -3.08588843  0.68291292 -2.21417821  6.62977214 -4.7136991
  -0.87132043  4.75926774]]
INFO 2022-02-08 15:33:28,720 det_pattern=[0 0 0 0], Jake_prob=0.5731127948863506, k_prob=2.9367406283484574e-09, equal = False
INFO 2022-02-08 15:33:28,736 det_pattern=[1 0 0 0], Jake_prob=0.05186008094230294, k_prob=1.675646353703551e-09, equal = False
INFO 2022-02-08 15:33:28,736 det_pattern=[2 0 0 0], Jake_prob=0.16350343570385875, k_prob=4.276345997440262e-09, equal = False
INFO 2022-02-08 15:33:28,736 det_pattern=[3 0 0 0], Jake_prob=0.03890608154662367, k_prob=2.0073243169808505e-08, equal = False
INFO 2022-02-08 15:33:28,752 det_pattern=[4 0 0 0], Jake_prob=0.06954503071750458, k_prob=1.3754410803833147e-07, equal = False
INFO 2022-02-08 15:33:28,752 det_pattern=[5 0 0 0], Jake_prob=0.02431521133395392, k_prob=1.237809915095316e-06, equal = False
INFO 2022-02-08 15:33:28,752 det_pattern=[6 0 0 0], Jake_prob=0.032644559483257105, k_prob=1.3775646213450109e-05, equal = False
INFO 2022-02-08 15:33:28,752 det_pattern=[7 0 0 0], Jake_prob=0.014178191223588871, k_prob=0.00018239199001717348, equal = False
INFO 2022-02-08 15:33:28,767 det_pattern=[8 0 0 0], Jake_prob=0.015977440994623525, k_prob=0.002796746994919697, equal = False
INFO 2022-02-08 15:33:28,767 det_pattern=[9 0 0 0], Jake_prob=0.007969014491237271, k_prob=0.04869489872933449, equal = False
INFO 2022-02-08 15:33:28,783 det_pattern=[10  0  0  0], Jake_prob=0.00798815867669888, k_prob=0.948310782323516, equal = False
INFO 2022-02-08 15:33:30,198 det_pattern=[4 0 0 0], Jake_prob=0.4918782993732249, k_prob=1.7318194517890016e-10, equal = False
INFO 2022-02-08 15:33:30,206 det_pattern=[4 1 0 0], Jake_prob=0.07460254068608954, k_prob=7.586517810495792e-11, equal = False
INFO 2022-02-08 15:33:30,206 det_pattern=[4 2 0 0], Jake_prob=0.1412029620942627, k_prob=1.7355428346149824e-10, equal = False
INFO 2022-02-08 15:33:30,216 det_pattern=[4 3 0 0], Jake_prob=0.06107595187516821, k_prob=8.708995635023839e-10, equal = False
INFO 2022-02-08 15:33:30,216 det_pattern=[4 4 0 0], Jake_prob=0.06657003416996041, k_prob=7.49521976899154e-09, equal = False
INFO 2022-02-08 15:33:30,232 det_pattern=[4 5 0 0], Jake_prob=0.04192279380721422, k_prob=9.642392689849074e-08, equal = False
INFO 2022-02-08 15:33:30,232 det_pattern=[4 6 0 0], Jake_prob=0.037704487387656735, k_prob=1.6838967191789882e-06, equal = False
INFO 2022-02-08 15:33:30,232 det_pattern=[4 7 0 0], Jake_prob=0.027297510942267914, k_prob=3.705817504322479e-05, equal = False
INFO 2022-02-08 15:33:30,248 det_pattern=[4 8 0 0], Jake_prob=0.023848229050407982, k_prob=0.0009710660211138608, equal = False
INFO 2022-02-08 15:33:30,248 det_pattern=[4 9 0 0], Jake_prob=0.01765044758030608, k_prob=0.02909494602272695, equal = False
INFO 2022-02-08 15:33:30,248 det_pattern=[ 4 10  0  0], Jake_prob=0.01624674303344137, k_prob=0.9698951406717492, equal = False
INFO 2022-02-08 15:33:31,649 det_pattern=[4 0 0 0], Jake_prob=0.5076155822201016, k_prob=1.744013337295699e-10, equal = False
INFO 2022-02-08 15:33:31,649 det_pattern=[4 0 1 0], Jake_prob=0.03470785991902565, k_prob=9.019157744585909e-11, equal = False
INFO 2022-02-08 15:33:31,657 det_pattern=[4 0 2 0], Jake_prob=0.16543791849309591, k_prob=1.91907706188012e-10, equal = False
INFO 2022-02-08 15:33:31,657 det_pattern=[4 0 3 0], Jake_prob=0.0396642005313956, k_prob=6.610407496696821e-10, equal = False
INFO 2022-02-08 15:33:31,667 det_pattern=[4 0 4 0], Jake_prob=0.07915475375882317, k_prob=2.738420877277892e-09, equal = False
INFO 2022-02-08 15:33:31,669 det_pattern=[4 0 5 0], Jake_prob=0.03773028446026808, k_prob=1.3472944664746762e-08, equal = False
INFO 2022-02-08 15:33:31,669 det_pattern=[4 0 6 0], Jake_prob=0.04097599912947342, k_prob=2.338836478287662e-07, equal = False
INFO 2022-02-08 15:33:31,677 det_pattern=[4 0 7 0], Jake_prob=0.03345801259461029, k_prob=1.1016855868541323e-05, equal = False
INFO 2022-02-08 15:33:31,677 det_pattern=[4 0 8 0], Jake_prob=0.021536385632063587, k_prob=0.0005120944290040166, equal = False
INFO 2022-02-08 15:33:31,689 det_pattern=[4 0 9 0], Jake_prob=0.028574381686632528, k_prob=0.022466617940266238, equal = False
INFO 2022-02-08 15:33:31,689 det_pattern=[ 4  0 10  0], Jake_prob=0.011144621574510379, k_prob=0.9770100195623065, equal = False
INFO 2022-02-08 15:33:33,071 det_pattern=[4 0 0 0], Jake_prob=0.41856530274630627, k_prob=1.5585408575079114e-10, equal = False
INFO 2022-02-08 15:33:33,074 det_pattern=[4 0 0 1], Jake_prob=7.389959264318437e-32, k_prob=1.38941609334687e-09, equal = False
INFO 2022-02-08 15:33:33,082 det_pattern=[4 0 0 2], Jake_prob=0.3131092960229035, k_prob=4.050274367732616e-10, equal = False
INFO 2022-02-08 15:33:33,082 det_pattern=[4 0 0 3], Jake_prob=1.0838302211780377e-32, k_prob=7.210287662034409e-09, equal = False
INFO 2022-02-08 15:33:33,092 det_pattern=[4 0 0 4], Jake_prob=0.20707226386004146, k_prob=1.0416899814371956e-07, equal = False
INFO 2022-02-08 15:33:33,094 det_pattern=[4 0 0 5], Jake_prob=7.101764161826197e-33, k_prob=7.182071166719677e-07, equal = False
INFO 2022-02-08 15:33:33,102 det_pattern=[4 0 0 6], Jake_prob=0.051731813528114415, k_prob=3.3554935605607687e-06, equal = False
INFO 2022-02-08 15:33:33,102 det_pattern=[4 0 0 7], Jake_prob=5.4899100113565537e-33, k_prob=3.658308179222499e-05, equal = False
INFO 2022-02-08 15:33:33,114 det_pattern=[4 0 0 8], Jake_prob=0.006305067911152839, k_prob=0.0013213342495709982, equal = False
INFO 2022-02-08 15:33:33,114 det_pattern=[4 0 0 9], Jake_prob=3.3482738767198845e-33, k_prob=0.039820627141729244, equal = False
INFO 2022-02-08 15:33:33,122 det_pattern=[ 4  0  0 10], Jake_prob=0.0032162559314815446, k_prob=0.9588172684966468, equal = False
