INFO 2022-02-09 14:55:46,427 Testing how to add k-th order approx to chain rule method, set k=2N, date: 09-02-2022
INFO 2022-02-09 14:55:46,427 M=8, r=1.55, alpha=4, num_coh=0, cutoff=10
INFO 2022-02-09 14:55:46,427 U=[[ 0.10683045+0.20185778j -0.30041242+0.34933423j  0.17694872+0.01147478j
   0.31479845-0.33641955j  0.02174723+0.20563334j  0.12656399+0.00781096j
  -0.1148918 -0.33248127j  0.55602528-0.0097196j ]
 [ 0.07015463+0.55983197j -0.12016835-0.20463352j  0.41255791-0.08231713j
  -0.13497509-0.05435898j  0.19524833+0.29806591j  0.01350829+0.19338723j
  -0.20168136+0.43586273j -0.14194679+0.1088623j ]
 [ 0.42400569-0.30429011j -0.05832664-0.48053752j  0.45661818+0.14117376j
   0.20689318-0.31259081j -0.11819482-0.16193259j -0.21908089-0.04822834j
   0.05532011-0.07005912j -0.07300681-0.14334305j]
 [-0.03577334-0.10485213j  0.02814069+0.20710143j -0.1660068 +0.10314609j
   0.46062805-0.25269671j  0.38251734+0.10443831j -0.02430491+0.48868448j
   0.13477503+0.00803035j -0.45662408-0.08029772j]
 [ 0.36279987+0.01196198j -0.31680559+0.02900034j -0.27340452+0.43630997j
  -0.27151322+0.07026318j -0.33733881-0.04941725j  0.24258124+0.42891317j
  -0.16923719+0.06525891j -0.01799475-0.17600604j]
 [-0.08764666+0.2300598j  -0.32961061+0.01347111j  0.23821407+0.05082093j
  -0.11340898+0.31608749j  0.32985373-0.31798727j  0.07706774-0.09998945j
  -0.02732203-0.49392944j -0.29265549-0.31976174j]
 [-0.17083673-0.11420408j -0.39910317+0.19987377j -0.05536505+0.39702119j
  -0.03109506-0.13244601j  0.27778406-0.29459706j -0.33643335-0.27932233j
  -0.08357123+0.44305113j  0.10790402+0.09621801j]
 [ 0.04425844+0.32908561j -0.18727468+0.09521215j -0.19944214-0.00603025j
  -0.03125557-0.3729397j  -0.33893998+0.16693437j  0.02153995-0.45408365j
   0.37212111+0.00645673j -0.40181661-0.12789256j]]
INFO 2022-02-09 14:55:46,442 mu=[-0. -0.  0. -0. -0.  0.  0.  0.  0.  0.  0.  0.  0. -0.  0.  0.], cov=[[ 9.55030778 -0.5384853  -2.91308013  3.56178136 -0.72848001  1.0312369
  -2.55022504  5.64812886  3.30074064 -2.9023543   0.94923612  2.57335399
  -0.88030811  0.25676372  1.83533592  5.26370744]
 [-0.5384853  15.39893651 -3.77441785  0.54406971  0.853491   -5.74958025
  -1.51881875  3.0206167  -2.9023543   0.11756629 -3.08015094 -1.79858805
  -3.89538513 -1.64799744  0.32487333 -2.27746526]
 [-2.91308013 -3.77441785 11.01417987 -0.07964493  0.66525133 -0.69460514
   1.1630022  -0.38582721  0.94923612 -3.08015094  1.4379041   3.87275379
  -3.22276976 -5.33605428 -4.59236021 -3.1792305 ]
 [ 3.56178136  0.54406971 -0.07964493  8.56531688  5.56257733 -3.4631255
  -0.96691654 -2.55458577  2.57335399 -1.79858805  3.87275379  1.28759446
  -0.44658379 -1.98373414  4.59294621  1.01278203]
 [-0.72848001  0.853491    0.66525133  5.56257733  9.30347451  0.98357974
   1.66323465 -4.47971473 -0.88030811 -3.89538513 -3.22276976 -0.44658379
   0.67288489 -3.36370731  4.92752283 -0.59543226]
 [ 1.0312369  -5.74958025 -0.69460514 -3.4631255   0.98357974 13.62324333
  -3.83830526 -0.24743702  0.25676372 -1.64799744 -5.33605428 -1.98373414
  -3.36370731  1.19326949  2.33134438 -0.84076472]
 [-2.55022504 -1.51881875  1.1630022  -0.96691654  1.66323465 -3.83830526
  13.30401458  2.14130297  1.83533592  0.32487333 -4.59236021  4.59294621
   4.92752283  2.33134438  2.05197302 -2.270937  ]
 [ 5.64812886  3.0206167  -0.38582721 -2.55458577 -4.47971473 -0.24743702
   2.14130297 11.27524849  5.26370744 -2.27746526 -3.1792305   1.01278203
  -0.59543226 -0.84076472 -2.270937    0.06593823]
 [ 3.30074064 -2.9023543   0.94923612  2.57335399 -0.88030811  0.25676372
   1.83533592  5.26370744 12.6926927   0.5384853   2.91308013 -3.56178136
   0.72848001 -1.0312369   2.55022504 -5.64812886]
 [-2.9023543   0.11756629 -3.08015094 -1.79858805 -3.89538513 -1.64799744
   0.32487333 -2.27746526  0.5384853   6.84406397  3.77441785 -0.54406971
  -0.853491    5.74958025  1.51881875 -3.0206167 ]
 [ 0.94923612 -3.08015094  1.4379041   3.87275379 -3.22276976 -5.33605428
  -4.59236021 -3.1792305   2.91308013  3.77441785 11.22882062  0.07964493
  -0.66525133  0.69460514 -1.1630022   0.38582721]
 [ 2.57335399 -1.79858805  3.87275379  1.28759446 -0.44658379 -1.98373414
   4.59294621  1.01278203 -3.56178136 -0.54406971  0.07964493 13.6776836
  -5.56257733  3.4631255   0.96691654  2.55458577]
 [-0.88030811 -3.89538513 -3.22276976 -0.44658379  0.67288489 -3.36370731
   4.92752283 -0.59543226  0.72848001 -0.853491   -0.66525133 -5.56257733
  12.93952597 -0.98357974 -1.66323465  4.47971473]
 [ 0.25676372 -1.64799744 -5.33605428 -1.98373414 -3.36370731  1.19326949
   2.33134438 -0.84076472 -1.0312369   5.74958025  0.69460514  3.4631255
  -0.98357974  8.61975715  3.83830526  0.24743702]
 [ 1.83533592  0.32487333 -4.59236021  4.59294621  4.92752283  2.33134438
   2.05197302 -2.270937    2.55022504  1.51881875 -1.1630022   0.96691654
  -1.66323465  3.83830526  8.93898591 -2.14130297]
 [ 5.26370744 -2.27746526 -3.1792305   1.01278203 -0.59543226 -0.84076472
  -2.270937    0.06593823 -5.64812886 -3.0206167   0.38582721  2.55458577
   4.47971473  0.24743702 -2.14130297 10.96775199]]
INFO 2022-02-09 14:55:46,580 For 0 mode, it takes loop_hafnian_batch 0.11593914031982422 to produce probability array for all possible outcomes
INFO 2022-02-09 14:55:46,596 For 0 mode, it takes loop_hafnian_approx 0.015596389770507812 to produce probability array for all possible outcomes
INFO 2022-02-09 14:55:46,596 det_pattern=[0 0 0 0 0 0 0 0], Jake_prob=0.00259094724628069, Jake_time averaged over 10 outcomes is 0.011593914031982422, k_prob=0.002590947246280682, k_time =0.0, equal = True
INFO 2022-02-09 14:55:46,612 det_pattern=[1 0 0 0 0 0 0 0], Jake_prob=0.017492695696524795, Jake_time averaged over 10 outcomes is 0.011593914031982422, k_prob=0.017492695696524743, k_time =0.0, equal = True
INFO 2022-02-09 14:55:46,612 det_pattern=[2 0 0 0 0 0 0 0], Jake_prob=0.0557013340660816, Jake_time averaged over 10 outcomes is 0.011593914031982422, k_prob=0.0557013340660815, k_time =0.0, equal = True
INFO 2022-02-09 14:55:46,627 det_pattern=[3 0 0 0 0 0 0 0], Jake_prob=0.11187088688746377, Jake_time averaged over 10 outcomes is 0.011593914031982422, k_prob=0.11187088688746355, k_time =0.0, equal = True
INFO 2022-02-09 14:55:46,627 det_pattern=[4 0 0 0 0 0 0 0], Jake_prob=0.16056639054038166, Jake_time averaged over 10 outcomes is 0.011593914031982422, k_prob=0.160566390540382, k_time =0.0, equal = True
INFO 2022-02-09 14:55:46,643 det_pattern=[5 0 0 0 0 0 0 0], Jake_prob=0.17795762996134376, Jake_time averaged over 10 outcomes is 0.011593914031982422, k_prob=0.17795762996134412, k_time =0.0, equal = True
INFO 2022-02-09 14:55:46,658 det_pattern=[6 0 0 0 0 0 0 0], Jake_prob=0.16174753582594614, Jake_time averaged over 10 outcomes is 0.011593914031982422, k_prob=0.1617475358259472, k_time =0.0, equal = True
INFO 2022-02-09 14:55:46,665 det_pattern=[7 0 0 0 0 0 0 0], Jake_prob=0.126955270586494, Jake_time averaged over 10 outcomes is 0.011593914031982422, k_prob=0.12695527058649456, k_time =0.0, equal = True
INFO 2022-02-09 14:55:46,665 det_pattern=[8 0 0 0 0 0 0 0], Jake_prob=0.0897645850464146, Jake_time averaged over 10 outcomes is 0.011593914031982422, k_prob=0.0897645850464138, k_time =0.0, equal = True
INFO 2022-02-09 14:55:46,681 det_pattern=[9 0 0 0 0 0 0 0], Jake_prob=0.05888368013330928, Jake_time averaged over 10 outcomes is 0.011593914031982422, k_prob=0.05888368013330925, k_time =0.0, equal = True
INFO 2022-02-09 14:55:46,681 det_pattern=[10  0  0  0  0  0  0  0], Jake_prob=0.03646904400975962, Jake_time averaged over 10 outcomes is 0.011593914031982422, k_prob=0.03646904400975862, k_time =0.015596389770507812, equal = True
INFO 2022-02-09 14:55:46,681 For 1 mode, it takes loop_hafnian_batch 0.0 to produce probability array for all possible outcomes
INFO 2022-02-09 14:55:46,777 For 1 mode, it takes loop_hafnian_approx 0.09668684005737305 to produce probability array for all possible outcomes
INFO 2022-02-09 14:55:46,787 det_pattern=[8 0 0 0 0 0 0 0], Jake_prob=0.001300680424643398, Jake_time averaged over 10 outcomes is 0.0, k_prob=0.0013006804246431987, k_time =0.015621185302734375, equal = True
INFO 2022-02-09 14:55:46,787 det_pattern=[8 1 0 0 0 0 0 0], Jake_prob=0.00896683280653603, Jake_time averaged over 10 outcomes is 0.0, k_prob=0.008966832806534606, k_time =0.0, equal = True
INFO 2022-02-09 14:55:46,797 det_pattern=[8 2 0 0 0 0 0 0], Jake_prob=0.029733474120879594, Jake_time averaged over 10 outcomes is 0.0, k_prob=0.029733474120875073, k_time =0.0, equal = True
INFO 2022-02-09 14:55:46,797 det_pattern=[8 3 0 0 0 0 0 0], Jake_prob=0.0640477722897892, Jake_time averaged over 10 outcomes is 0.0, k_prob=0.06404777228977912, k_time =0.0, equal = True
INFO 2022-02-09 14:55:46,805 det_pattern=[8 4 0 0 0 0 0 0], Jake_prob=0.10265478068427716, Jake_time averaged over 10 outcomes is 0.0, k_prob=0.10265478068426145, k_time =0.0, equal = True
INFO 2022-02-09 14:55:46,805 det_pattern=[8 5 0 0 0 0 0 0], Jake_prob=0.1333729304172234, Jake_time averaged over 10 outcomes is 0.0, k_prob=0.1333729304172027, k_time =0.0, equal = True
INFO 2022-02-09 14:55:46,805 det_pattern=[8 6 0 0 0 0 0 0], Jake_prob=0.14923450801394725, Jake_time averaged over 10 outcomes is 0.0, k_prob=0.14923450801391414, k_time =0.0, equal = True
INFO 2022-02-09 14:55:46,818 det_pattern=[8 7 0 0 0 0 0 0], Jake_prob=0.1499721516159549, Jake_time averaged over 10 outcomes is 0.0, k_prob=0.1499721516159483, k_time =0.015619754791259766, equal = True
INFO 2022-02-09 14:55:46,818 det_pattern=[8 8 0 0 0 0 0 0], Jake_prob=0.1391047264705084, Jake_time averaged over 10 outcomes is 0.0, k_prob=0.13910472647050834, k_time =0.01562190055847168, equal = True
INFO 2022-02-09 14:55:46,826 det_pattern=[8 9 0 0 0 0 0 0], Jake_prob=0.12120059025412391, Jake_time averaged over 10 outcomes is 0.0, k_prob=0.12120059025403544, k_time =0.015620946884155273, equal = True
INFO 2022-02-09 14:55:46,826 det_pattern=[ 8 10  0  0  0  0  0  0], Jake_prob=0.10041155290211679, Jake_time averaged over 10 outcomes is 0.0, k_prob=0.10041155290229777, k_time =0.03420305252075195, equal = True
INFO 2022-02-09 14:55:46,826 For 2 mode, it takes loop_hafnian_batch 0.0 to produce probability array for all possible outcomes
INFO 2022-02-09 14:55:47,871 For 2 mode, it takes loop_hafnian_approx 1.0453572273254395 to produce probability array for all possible outcomes
INFO 2022-02-09 14:55:47,873 det_pattern=[8 8 0 0 0 0 0 0], Jake_prob=0.007951871192545524, Jake_time averaged over 10 outcomes is 0.0, k_prob=0.007951871192300784, k_time =0.020069360733032227, equal = True
INFO 2022-02-09 14:55:47,873 det_pattern=[8 8 1 0 0 0 0 0], Jake_prob=0.0018064787496996995, Jake_time averaged over 10 outcomes is 0.0, k_prob=0.0018064787496227335, k_time =0.012045860290527344, equal = True
INFO 2022-02-09 14:55:47,881 det_pattern=[8 8 2 0 0 0 0 0], Jake_prob=0.0020145255035514164, Jake_time averaged over 10 outcomes is 0.0, k_prob=0.0020145255035416247, k_time =0.04015493392944336, equal = True
INFO 2022-02-09 14:55:47,881 det_pattern=[8 8 3 0 0 0 0 0], Jake_prob=0.003906338885495915, Jake_time averaged over 10 outcomes is 0.0, k_prob=0.003906338885430913, k_time =0.030101537704467773, equal = True
INFO 2022-02-09 14:55:47,891 det_pattern=[8 8 4 0 0 0 0 0], Jake_prob=0.009396367859563106, Jake_time averaged over 10 outcomes is 0.0, k_prob=0.00939636785750865, k_time =0.030122995376586914, equal = True
INFO 2022-02-09 14:55:47,893 det_pattern=[8 8 5 0 0 0 0 0], Jake_prob=0.024029510026382837, Jake_time averaged over 10 outcomes is 0.0, k_prob=0.02402951002495778, k_time =0.040196895599365234, equal = True
INFO 2022-02-09 14:55:47,893 det_pattern=[8 8 6 0 0 0 0 0], Jake_prob=0.05553452191288812, Jake_time averaged over 10 outcomes is 0.0, k_prob=0.05553452190776792, k_time =0.07148146629333496, equal = True
INFO 2022-02-09 14:55:47,901 det_pattern=[8 8 7 0 0 0 0 0], Jake_prob=0.10901790806797816, Jake_time averaged over 10 outcomes is 0.0, k_prob=0.10901790806610144, k_time =0.08161139488220215, equal = True
INFO 2022-02-09 14:55:47,901 det_pattern=[8 8 8 0 0 0 0 0], Jake_prob=0.182244212400837, Jake_time averaged over 10 outcomes is 0.0, k_prob=0.18224421240012817, k_time =0.16265177726745605, equal = True
INFO 2022-02-09 14:55:47,913 det_pattern=[8 8 9 0 0 0 0 0], Jake_prob=0.26444203213886786, Jake_time averaged over 10 outcomes is 0.0, k_prob=0.2644420321263449, k_time =0.19336771965026855, equal = True
INFO 2022-02-09 14:55:47,913 det_pattern=[ 8  8 10  0  0  0  0  0], Jake_prob=0.33965623326219035, Jake_time averaged over 10 outcomes is 0.0, k_prob=0.33965623328629513, k_time =0.3635532855987549, equal = True
INFO 2022-02-09 14:55:47,913 For 3 mode, it takes loop_hafnian_batch 0.0 to produce probability array for all possible outcomes
INFO 2022-02-09 14:56:13,602 For 3 mode, it takes loop_hafnian_approx 25.688628911972046 to produce probability array for all possible outcomes
INFO 2022-02-09 14:56:13,612 det_pattern=[8 8 8 0 0 0 0 0], Jake_prob=0.0020557575350497446, Jake_time averaged over 10 outcomes is 0.0, k_prob=0.0020557575291700048, k_time =0.23029208183288574, equal = True
INFO 2022-02-09 14:56:13,612 det_pattern=[8 8 8 1 0 0 0 0], Jake_prob=0.018843537332441422, Jake_time averaged over 10 outcomes is 0.0, k_prob=0.0188435372839255, k_time =0.18336844444274902, equal = True
INFO 2022-02-09 14:56:13,620 det_pattern=[8 8 8 2 0 0 0 0], Jake_prob=0.07752098478534332, Jake_time averaged over 10 outcomes is 0.0, k_prob=0.07752098460367057, k_time =0.3684356212615967, equal = True
INFO 2022-02-09 14:56:13,620 det_pattern=[8 8 8 3 0 0 0 0], Jake_prob=0.18169859560450327, Jake_time averaged over 10 outcomes is 0.0, k_prob=0.1816985951364943, k_time =0.47577786445617676, equal = True
INFO 2022-02-09 14:56:13,620 det_pattern=[8 8 8 4 0 0 0 0], Jake_prob=0.2637318617796259, Jake_time averaged over 10 outcomes is 0.0, k_prob=0.2637318608406995, k_time =0.845573902130127, equal = True
INFO 2022-02-09 14:56:13,630 det_pattern=[8 8 8 5 0 0 0 0], Jake_prob=0.24314445707949567, Jake_time averaged over 10 outcomes is 0.0, k_prob=0.243144456447545, k_time =0.9382586479187012, equal = True
INFO 2022-02-09 14:56:13,630 det_pattern=[8 8 8 6 0 0 0 0], Jake_prob=0.14031017563376733, Jake_time averaged over 10 outcomes is 0.0, k_prob=0.1403101753859773, k_time =1.864633321762085, equal = True
INFO 2022-02-09 14:56:13,630 det_pattern=[8 8 8 7 0 0 0 0], Jake_prob=0.04929206090675088, Jake_time averaged over 10 outcomes is 0.0, k_prob=0.049292060805049845, k_time =2.1299736499786377, equal = True
INFO 2022-02-09 14:56:13,646 det_pattern=[8 8 8 8 0 0 0 0], Jake_prob=0.013326747320785995, Jake_time averaged over 10 outcomes is 0.0, k_prob=0.013326748239307601, k_time =4.253133296966553, equal = True
INFO 2022-02-09 14:56:13,646 det_pattern=[8 8 8 9 0 0 0 0], Jake_prob=0.006611521243113067, Jake_time averaged over 10 outcomes is 0.0, k_prob=0.006611521250692827, k_time =4.910650253295898, equal = True
INFO 2022-02-09 14:56:13,646 det_pattern=[ 8  8  8 10  0  0  0  0], Jake_prob=0.0034643007791232533, Jake_time averaged over 10 outcomes is 0.0, k_prob=0.0034643024774675775, k_time =9.488531827926636, equal = True
INFO 2022-02-09 14:56:13,662 For 4 mode, it takes loop_hafnian_batch 0.015590429306030273 to produce probability array for all possible outcomes
