INFO 2022-02-11 19:58:33,638 NumExpr defaulting to 8 threads.
INFO 2022-02-11 19:58:37,606 Trying to find the error between k-approx and exact hafnian calculation. Run for 8 modes, test output pattern is [1, 3, 2, 1, 3, 2, 2, 2], total output photon numbers is 16, cutoff k is 5, hbar = 2
INFO 2022-02-11 19:58:37,606 Squeezing r = 1.55, coherent state alpha = 2.25
INFO 2022-02-11 19:58:37,621 U = [[ 0.07710871+0.21162963j  0.27311514+0.06344089j  0.0801365 -0.09423754j
  -0.23360802+0.34126126j  0.07158522+0.09883681j -0.32271203-0.39770831j
   0.25101402+0.03198496j  0.32266628-0.48883871j]
 [ 0.32788034-0.30682031j  0.23932279-0.15088125j  0.37687963+0.28972029j
  -0.32862099-0.03917891j -0.2744999 +0.10868782j -0.16949767+0.21727285j
   0.3700108 -0.05702261j  0.01491367+0.28165619j]
 [-0.12704007+0.12526426j  0.05834088+0.03415773j  0.36085529+0.47316356j
   0.24651493+0.24854646j -0.19325134-0.37671468j  0.39266907-0.16065757j
   0.04122026-0.29235736j -0.07614709-0.18634334j]
 [-0.09706315-0.26259648j -0.45025059+0.1955157j   0.3779968 +0.11114862j
  -0.25434377-0.24168248j  0.05687579-0.17080884j -0.20788559+0.14577352j
  -0.17395895+0.20681379j -0.05173179-0.47931867j]
 [-0.13446759-0.27447351j  0.37285055-0.10290388j  0.12081865-0.12422378j
   0.39784465+0.09445783j -0.07175215-0.33983902j -0.08259578+0.16232056j
  -0.08634183+0.54244939j  0.32212762+0.02152336j]
 [ 0.17590852+0.02865416j -0.47492932-0.35465557j  0.12562331-0.0285822j
  -0.00704497+0.3860293j   0.14686335-0.05721707j  0.10183017-0.27666554j
   0.22071533+0.45456591j -0.21016518+0.19989904j]
 [-0.13139794-0.1365314j   0.28652845-0.06748636j  0.23589884-0.09749739j
   0.01135504-0.38053888j  0.67130109-0.16424714j  0.06457616-0.25113089j
   0.25583464-0.09826983j -0.20447936+0.07462442j]
 [ 0.4683263 +0.50694829j -0.07080523+0.05664734j  0.2821849 -0.24078259j
   0.05025394-0.10029979j  0.20208134-0.1494401j   0.21071003+0.43077042j
   0.05713519-0.01339182j  0.26034667-0.03010458j]]
INFO 2022-02-11 19:58:37,621 
INFO 2022-02-11 19:58:37,621 Number of coherent states = 4
INFO 2022-02-11 19:58:37,637 mu = [ 0.88538553  2.76957798  2.42401959 -1.90647318  3.40670817 -0.81199107
  1.81072976  3.2848196   2.34942405 -0.93222079  3.96509402 -0.88926588
 -1.83214505  0.14150561 -3.06924315  1.00130965]
INFO 2022-02-11 19:58:37,637 cov = [[ 9.3832774  -4.68807443  2.44571192  3.5099645  -2.034823    0.4825457
   0.90884056 -3.68467147  0.31640066 -0.96377451  3.00205125 -2.13516228
   2.78714234 -2.02857604 -3.22000718  4.16755065]
 [-4.68807443  3.77133538 -2.36764072 -2.79045487 -0.56881273 -0.78204788
  -0.8717914   1.5393418  -0.34448067  1.85110734 -0.87762193  0.83758948
  -1.73669862  0.49097605 -0.36402005 -2.88569575]
 [ 2.44571192 -2.36764072  6.91327901  1.57074679 -1.24121898 -2.24266206
   2.55583557 -0.09679691  2.43337596 -0.45596644 -0.2625965  -1.66540564
  -0.26029925  2.14709371  6.43159242  3.52304546]
 [ 3.5099645  -2.79045487  1.57074679  7.76993657  3.88056943 -0.6474898
  -1.3616014   2.17259304  3.33127271 -1.89907883 -2.9367253   1.13423304
   3.78881376 -2.85235143 -1.02168754  2.56529123]
 [-2.034823   -0.56881273 -1.24121898  3.88056943 10.1363901   4.87933458
  -0.64174167  2.34613745 -1.27906569 -5.72249837 -3.18779173  3.31324998
   0.64078632 -1.78422763  1.70316047 -0.01312919]
 [ 0.4825457  -0.78204788 -2.24266206 -0.6474898   4.87933458  7.79996851
   0.84594417 -2.61033542 -5.67185553 -4.92339226  2.08666617  0.61523572
  -1.18258817 -0.48164524 -0.32263843 -0.19704172]
 [ 0.90884056 -0.8717914   2.55583557 -1.3616014  -0.64174167  0.84594417
   2.69474286 -1.89826985 -1.59833847 -1.12500083  1.9102797  -1.23280243
  -1.29941963  1.82737658  3.69679506  1.59910364]
 [-3.68467147  1.5393418  -0.09679691  2.17259304  2.34613745 -2.61033542
  -1.89826985  5.28073155  3.63150883  0.66114072 -4.0674119   2.10758662
   0.70594964 -0.5438701   1.54806293 -1.15119378]
 [ 0.31640066 -0.34448067  2.43337596  3.33127271 -1.27906569 -5.67185553
  -1.59833847  3.63150883  6.46933168  3.01927501 -3.38445738  0.07036082
   2.28723111 -0.75706577  0.49756081  1.11403286]
 [-0.96377451  1.85110734 -0.45596644 -1.89907883 -5.72249837 -4.92339226
  -1.12500083  0.66114072  3.01927501  5.9779359   0.11950748 -0.83714783
   0.16424118  0.47861195 -2.15249486 -1.46901568]
 [ 3.00205125 -0.87762193 -0.2625965  -2.9367253  -3.18779173  2.08666617
   1.9102797  -4.0674119  -3.38445738  0.11950748  4.9441317  -2.0985239
  -0.93106148  0.87753093 -1.77065348  0.55898595]
 [-2.13516228  0.83758948 -1.66540564  1.13423304  3.31324998  0.61523572
  -1.23280243  2.10758662  0.07036082 -0.83714783 -2.0985239   2.37449218
   0.06730605 -0.82420504 -0.13265838 -1.2765718 ]
 [ 2.78714234 -1.73669862 -0.26029925  3.78881376  0.64078632 -1.18258817
  -1.29941963  0.70594964  2.28723111  0.16424118 -0.93106148  0.06730605
   3.19452169 -2.45600224 -2.96363905  0.88918597]
 [-2.02857604  0.49097605  2.14709371 -2.85235143 -1.78422763 -0.48164524
   1.82737658 -0.5438701  -0.75706577  0.47861195  0.87753093 -0.82420504
  -2.45600224  3.3342864   4.2903251   0.30861815]
 [-3.22000718 -0.36402005  6.43159242 -1.02168754  1.70316047 -0.32263843
   3.69679506  1.54806293  0.49756081 -2.15249486 -1.77065348 -0.13265838
  -2.96363905  4.2903251  12.81438332  2.42622225]
 [ 4.16755065 -2.88569575  3.52304546  2.56529123 -0.01312919 -0.19704172
   1.59910364 -1.15119378  1.11403286 -1.46901568  0.55898595 -1.2765718
   0.88918597  0.30861815  2.42622225  4.11325768]]
INFO 2022-02-11 19:58:37,637 A=[[ 1.20197404e-01-2.61024337e-02j -3.17920608e-01+5.39642436e-02j
   2.40488767e-01-2.24206043e-01j  1.41880279e-01-4.93383824e-02j
  -1.78280494e-01-6.22066830e-02j  5.11327577e-02+3.17635252e-01j
   1.69648866e-02+1.98752034e-01j -1.97941848e-01-3.21703557e-01j
  -1.77635684e-15-2.22044605e-16j  2.22044605e-16+6.10622664e-16j
  -1.11022302e-16-1.44328993e-15j -4.44089210e-16+8.88178420e-16j
   8.88178420e-16+2.22044605e-16j -8.32667268e-17-7.77156117e-16j
  -3.88578059e-16-7.21644966e-16j  6.66133815e-16-3.88578059e-16j]
 [-3.17920608e-01+5.39642436e-02j -9.10201077e-02-1.52712725e-01j
  -1.02592425e-01+5.50092125e-02j -8.05720001e-02+4.37853950e-02j
  -3.02377551e-02+3.07684562e-01j -5.20009819e-02+1.82832823e-01j
   5.28277620e-02+6.14206514e-02j  1.24091797e-01+9.17607139e-02j
   3.33066907e-16-4.99600361e-16j -8.88178420e-16-1.90819582e-17j
   9.99200722e-16-1.38777878e-17j  5.71808600e-31+5.55111512e-16j
  -6.10622664e-16+1.11022302e-16j  9.43689571e-16+4.44089210e-16j
   1.33226763e-15-1.11022302e-16j -2.77555756e-16+5.55111512e-16j]
 [ 2.40488767e-01-2.24206043e-01j -1.02592425e-01+5.50092125e-02j
   8.12253956e-02+2.16636965e-02j  1.51353818e-01+1.89833389e-01j
  -1.27936928e-02+1.42230372e-01j -1.28704902e-01-1.74638444e-01j
   1.78463431e-01-3.44094046e-01j -2.70504001e-02+2.24545819e-02j
  -2.90430236e-31+1.60982339e-15j  1.11022302e-15-9.71445147e-17j
  -1.77635684e-15-1.66533454e-16j  2.21404906e-30+1.11022302e-16j
  -9.99200722e-16-1.11022302e-16j -3.88578059e-16+1.66533454e-16j
   3.05311332e-16-2.22044605e-16j -4.02455846e-16-1.11022302e-15j]
 [ 1.41880279e-01-4.93383824e-02j -8.05720001e-02+4.37853950e-02j
   1.51353818e-01+1.89833389e-01j  2.22556791e-01-9.35720018e-02j
   1.57293375e-01-2.92953166e-01j  7.28933042e-03+9.22788294e-02j
  -5.06926943e-02+9.29955008e-02j  1.42274668e-01-1.92751630e-01j
  -1.11022302e-16-8.88178420e-16j  8.10816507e-32-5.55111512e-16j
   1.11022302e-16-5.55111512e-17j  0.00000000e+00-3.38963670e-31j
   8.88178420e-16+2.77555756e-16j  3.33066907e-16-5.55111512e-16j
  -2.22044605e-16-4.57966998e-16j  2.22044605e-16-1.66533454e-16j]
 [-1.78280494e-01-6.22066830e-02j -3.02377551e-02+3.07684562e-01j
  -1.27936928e-02+1.42230372e-01j  1.57293375e-01-2.92953166e-01j
   2.86345265e-01-5.28636147e-02j  3.02575452e-01+1.22378243e-01j
   9.57759900e-02-1.66539138e-02j  6.00978198e-02-2.85781646e-02j
   9.43689571e-16-2.22044605e-16j -6.10622664e-16-1.11022302e-16j
  -8.88178420e-16+3.33066907e-16j  7.77156117e-16-2.77555756e-16j
   8.88178420e-16+3.14311767e-31j  3.33066907e-16-7.21644966e-16j
   2.60924989e-30-1.11022302e-15j -1.76415183e-30+4.71844785e-16j]
 [ 5.11327577e-02+3.17635252e-01j -5.20009819e-02+1.82832823e-01j
  -1.28704902e-01-1.74638444e-01j  7.28933042e-03+9.22788294e-02j
   3.02575452e-01+1.22378243e-01j  1.84205009e-01+3.97347878e-02j
  -1.42077336e-01-6.20689733e-02j -1.20403973e-01+3.05618858e-02j
  -1.66533454e-16+8.88178420e-16j  8.88178420e-16-2.22044605e-16j
  -3.88578059e-16-1.66533454e-16j  2.22044605e-16+5.55111512e-16j
   4.44089210e-16+7.77156117e-16j  8.88178420e-16-1.60237371e-31j
  -6.66133815e-16-4.44089210e-16j  2.22044605e-16+1.94289029e-16j]
 [ 1.69648866e-02+1.98752034e-01j  5.28277620e-02+6.14206514e-02j
   1.78463431e-01-3.44094046e-01j -5.06926943e-02+9.29955008e-02j
   9.57759900e-02-1.66539138e-02j -1.42077336e-01-6.20689733e-02j
  -4.17425247e-01-3.04978343e-01j -1.78381059e-01-1.29817535e-01j
  -3.33066907e-16+4.99600361e-16j  1.33226763e-15+1.94289029e-16j
   2.77555756e-16+2.22044605e-16j -2.22044605e-16+4.57966998e-16j
   2.43437545e-30+1.11022302e-15j -6.66133815e-16+5.55111512e-16j
  -1.33226763e-15-1.24900090e-16j  3.88578059e-16-6.93889390e-17j]
 [-1.97941848e-01-3.21703557e-01j  1.24091797e-01+9.17607139e-02j
  -2.70504001e-02+2.24545819e-02j  1.42274668e-01-1.92751630e-01j
   6.00978198e-02-2.85781646e-02j -1.20403973e-01+3.05618858e-02j
  -1.78381059e-01-1.29817535e-01j  4.81571523e-02+9.49712298e-02j
   6.66133815e-16+4.99600361e-16j -3.88578059e-16-4.44089210e-16j
  -4.02455846e-16+8.88178420e-16j  2.22044605e-16+1.66533454e-16j
  -1.38050658e-30-3.88578059e-16j  1.11022302e-16-1.24900090e-16j
   6.10622664e-16+1.66533454e-16j -8.88178420e-16-8.70520335e-32j]
 [-1.77635684e-15-2.20170236e-17j  2.23877802e-16-5.65913334e-16j
  -8.49817390e-18+1.32650055e-15j -3.04394244e-16-8.95710616e-16j
   9.32655712e-16-3.72714204e-16j -2.06490397e-16+7.20234807e-16j
  -3.40549920e-16+3.69472936e-16j  5.72984993e-16+4.28745037e-16j
   1.20197404e-01+2.61024337e-02j -3.17920608e-01-5.39642436e-02j
   2.40488767e-01+2.24206043e-01j  1.41880279e-01+4.93383824e-02j
  -1.78280494e-01+6.22066830e-02j  5.11327577e-02-3.17635252e-01j
   1.69648866e-02-1.98752034e-01j -1.97941848e-01+3.21703557e-01j]
 [ 2.13429638e-16+4.68495359e-16j -8.88178420e-16+2.81760443e-17j
   1.07455222e-15+8.63479461e-17j  6.29236606e-17-5.44244009e-16j
  -7.41247528e-16-2.36009910e-16j  8.25912764e-16-5.65859777e-16j
   1.35491106e-15+1.99693167e-16j -3.32878988e-16-5.97215833e-16j
  -3.17920608e-01-5.39642436e-02j -9.10201077e-02+1.52712725e-01j
  -1.02592425e-01-5.50092125e-02j -8.05720001e-02-4.37853950e-02j
  -3.02377551e-02-3.07684562e-01j -5.20009819e-02-1.82832823e-01j
   5.28277620e-02-6.14206514e-02j  1.24091797e-01-9.17607139e-02j]
 [ 1.33306497e-16-1.33857516e-15j  1.10547447e-15-5.91384458e-17j
  -1.77635684e-15-1.31658423e-16j  1.25057126e-16-1.66742835e-17j
  -8.30720546e-16+3.57163264e-16j -4.26783285e-16-1.98715504e-16j
   7.51201595e-17+3.28991429e-16j -6.37070100e-16+8.27043188e-16j
   2.40488767e-01+2.24206043e-01j -1.02592425e-01-5.50092125e-02j
   8.12253956e-02-2.16636965e-02j  1.51353818e-01-1.89833389e-01j
  -1.27936928e-02-1.42230372e-01j -1.28704902e-01+1.74638444e-01j
   1.78463431e-01+3.44094046e-01j -2.70504001e-02-2.24545819e-02j]
 [-3.16121090e-16+7.69686131e-16j -3.02376694e-16+5.63520203e-16j
  -2.06165928e-17+6.18497784e-17j  2.22044605e-16+5.32595314e-17j
   8.24663712e-16-1.64932742e-16j  2.19910323e-16+7.55941736e-16j
  -4.39820646e-16+3.98587461e-16j  1.64932742e-16+1.09955162e-16j
   1.41880279e-01+4.93383824e-02j -8.05720001e-02-4.37853950e-02j
   1.51353818e-01-1.89833389e-01j  2.22556791e-01+9.35720018e-02j
   1.57293375e-01+2.92953166e-01j  7.28933042e-03-9.22788294e-02j
  -5.06926943e-02-9.29955008e-02j  1.42274668e-01+1.92751630e-01j]
 [ 8.37712878e-16+2.50062944e-16j -7.65607949e-16+2.22121339e-16j
  -6.97369082e-16-3.35826218e-16j  8.07572632e-16+2.16108010e-16j
   8.88178420e-16-5.92006212e-17j  2.70743189e-16+6.43015073e-16j
   3.37767579e-17+1.14111809e-15j  7.92811450e-17-4.98080769e-16j
  -1.78280494e-01+6.22066830e-02j -3.02377551e-02-3.07684562e-01j
  -1.27936928e-02-1.42230372e-01j  1.57293375e-01+2.92953166e-01j
   2.86345265e-01+5.28636147e-02j  3.02575452e-01-1.22378243e-01j
   9.57759900e-02+1.66539138e-02j  6.00978198e-02+2.85781646e-02j]
 [-2.34827676e-16-8.41140108e-16j  1.00322323e-15+4.47634389e-16j
  -5.31044093e-16+1.50569653e-16j  1.25566892e-16-5.92928594e-16j
   2.18676153e-16-6.95114929e-16j  8.88178420e-16-2.92573978e-17j
  -2.74064815e-16+6.02942592e-16j  2.30775324e-16+1.53917288e-17j
   5.11327577e-02-3.17635252e-01j -5.20009819e-02-1.82832823e-01j
  -1.28704902e-01+1.74638444e-01j  7.28933042e-03-9.22788294e-02j
   3.02575452e-01-1.22378243e-01j  1.84205009e-01-3.97347878e-02j
  -1.42077336e-01+6.20689733e-02j -1.20403973e-01-3.05618858e-02j]
 [-3.53326665e-16-3.43615709e-16j  1.45615130e-15-1.36889696e-16j
   1.44244670e-16+1.17962645e-17j -4.73686525e-16-3.13802307e-16j
   2.44335617e-18-1.09234992e-15j -4.47685642e-16-5.81603699e-16j
  -1.55431223e-15-1.14746367e-16j  6.19634565e-16+2.21243282e-16j
   1.69648866e-02-1.98752034e-01j  5.28277620e-02-6.14206514e-02j
   1.78463431e-01+3.44094046e-01j -5.06926943e-02-9.29955008e-02j
   9.57759900e-02+1.66539138e-02j -1.42077336e-01+6.20689733e-02j
  -4.17425247e-01+3.04978343e-01j -1.78381059e-01+1.29817535e-01j]
 [ 5.40127538e-16-3.37579711e-16j -3.24317651e-16+6.17288615e-16j
  -3.76160250e-16-1.19599669e-15j  2.50773500e-16-1.42265735e-16j
  -1.15741615e-16+3.90627952e-16j  1.73612423e-16+1.73612423e-16j
   4.77434163e-16-2.07671805e-16j -1.11022302e-15-1.21995882e-16j
  -1.97941848e-01+3.21703557e-01j  1.24091797e-01-9.17607139e-02j
  -2.70504001e-02-2.24545819e-02j  1.42274668e-01+1.92751630e-01j
   6.00978198e-02+2.85781646e-02j -1.20403973e-01-3.05618858e-02j
  -1.78381059e-01+1.29817535e-01j  4.81571523e-02-9.49712298e-02j]], gamma = [ 0.44269277-1.17471203j  1.38478899+0.4661104j   1.2120098 -1.98254701j
 -0.95323659+0.44463294j  1.70335409+0.91607253j -0.40599553-0.07075281j
  0.90536488+1.53462157j  1.6424098 -0.50065483j  0.44269277+1.17471203j
  1.38478899-0.4661104j   1.2120098 +1.98254701j -0.95323659-0.44463294j
  1.70335409-0.91607253j -0.40599553+0.07075281j  0.90536488-1.53462157j
  1.6424098 +0.50065483j]
INFO 2022-02-11 19:58:37,809 lhaf_exact = (288392.76547888573-1.102307578548789e-08j), prob_exact = 2.1879926663523528e-08, exact_time = 0.15621376037597656
INFO 2022-02-11 20:50:36,893 For k = 4, lhaf_k_approx=(340631.39256708394-1.831334799362594e-07j), prob_k_approx = 2.584319296736086e-08, time = 3119.0845971107483
INFO 2022-02-12 08:11:40,813 For k = 5, lhaf_k_approx=(235486.60125589534-1.5669381818739225e-06j), prob_k_approx = 1.7866015318260905e-08, time = 40863.90427565575
INFO 2022-02-12 08:11:40,829 
INFO 2022-02-12 08:11:40,829 Number of coherent states = 5
INFO 2022-02-12 08:11:40,829 mu = [ 1.20751902  1.53432843  1.55438856 -1.65053214  3.08382349 -0.15110601
  4.83158467  4.19418564  2.79418966 -0.44312563  2.26987795 -1.65790566
 -3.36142066 -0.1159712  -3.80835528  0.32882922]
INFO 2022-02-12 08:11:40,829 cov = [[ 9.18109428 -4.93455528  3.22177032  3.87172058 -1.32771845  0.61246298
   1.29885133 -3.35775953  0.47313807 -1.53145966  2.57141073 -2.02767623
   2.61358018 -1.72478848 -1.82476695  4.58072311]
 [-4.93455528  3.59287884 -1.44904781 -2.41182738  0.23297112 -0.68871996
  -0.66934349  1.83067329 -0.20545974  1.19018006 -1.22411541  1.01340375
  -1.8129293   0.84434172  1.22568488 -2.38093531]
 [ 3.22177032 -1.44904781  3.94065764  0.19624306 -3.94178899 -2.7266765
   1.12034136 -1.32745589  1.84348661  1.71601648  1.35014846 -2.08806975
   0.37539903  0.98486393  1.10117527  1.93688734]
 [ 3.87172058 -2.41182738  0.19624306  7.15456149  2.64618404 -0.84668455
  -1.91984626  1.64247648  3.07744531 -0.89926707 -2.25746206  0.9190201
   4.03015589 -3.38722153 -3.46125367  1.82547899]
 [-1.32771845  0.23297112 -3.94178899  2.64618404  7.69314322  4.45708599
  -1.87095759  1.2557407  -1.80153009 -3.75247826 -1.76981771  2.91522679
   1.1809667  -2.83829469 -3.12156531 -1.45866156]
 [ 0.61246298 -0.68871996 -2.7266765  -0.84668455  4.45708599  7.75116799
   0.74087947 -2.76324767 -5.74481855 -4.57521237  2.26822456  0.52229648
  -1.14322258 -0.66779808 -1.15988445 -0.46310164]
 [ 1.29885133 -0.66934349  1.12034136 -1.91984626 -1.87095759  0.74087947
   2.55322706 -2.28902971 -1.78421667 -0.09959837  2.34162693 -1.54032565
  -1.26745699  1.27936249  1.25423191  0.79971645]
 [-3.35775953  1.83067329 -1.32745589  1.64247648  1.2557407  -2.76324767
  -2.28902971  4.84632884  3.42381276  1.55168239 -3.52792323  1.89445184
   0.86766646 -1.02014894 -0.61019675 -1.8201905 ]
 [ 0.47313807 -0.20545974  1.84348661  3.07744531 -1.80153009 -5.74481855
  -1.78421667  3.42381276  6.37003261  3.44607605 -3.12676215 -0.03206758
   2.36403667 -0.98532541 -0.53661409  0.79327771]
 [-1.53145966  1.19018006  1.71601648 -0.89926707 -3.75247826 -4.57521237
  -0.09959837  1.55168239  3.44607605  4.39194702 -1.04409008 -0.52392549
  -0.28854519  1.32724696  1.73664829 -0.30864821]
 [ 2.57141073 -1.22411541  1.35014846 -2.25746206 -1.76981771  2.26822456
   2.34162693 -3.52792323 -3.12676215 -1.04409008  4.28799214 -1.80408294
  -1.10274146  1.4997449   1.0384402   1.44057892]
 [-2.02767623  1.01340375 -2.08806975  0.9190201   2.91522679  0.52229648
  -1.54032565  1.89445184 -0.03206758 -0.52392549 -1.80408294  2.3337812
   0.20924656 -0.99193795 -0.91522164 -1.49583543]
 [ 2.61358018 -1.8129293   0.37539903  4.03015589  1.1809667  -1.14322258
  -1.26745699  0.86766646  2.36403667 -0.28854519 -1.10274146  0.20924656
   3.19567457 -2.21405466 -1.88928797  1.24504914]
 [-1.72478848  0.84434172  0.98486393 -3.38722153 -2.83829469 -0.66779808
   1.27936249 -1.02014894 -0.98532541  1.32724696  1.4997449  -0.99193795
  -2.21405466  2.88019743  2.20940353 -0.31233657]
 [-1.82476695  1.22568488  1.10117527 -3.46125367 -3.12156531 -1.15988445
   1.25423191 -0.61019675 -0.53661409  1.73664829  1.0384402  -0.91522164
  -1.88928797  2.20940353  3.2873911  -0.42599787]
 [ 4.58072311 -2.38093531  1.93688734  1.82547899 -1.45866156 -0.46310164
   0.79971645 -1.8201905   0.79327771 -0.30864821  1.44057892 -1.49583543
   1.24504914 -0.31233657 -0.42599787  3.26892602]]
INFO 2022-02-12 08:11:40,844 A=[[ 1.15953538e-01-3.90329627e-02j -3.45692825e-01+7.16462222e-02j
   2.61870740e-01-1.82110187e-01j  1.61027434e-01-4.33019454e-02j
  -1.52281279e-01-3.34962701e-02j  6.59072044e-02+3.08113966e-01j
   7.57111486e-02+1.48867036e-01j -1.71226216e-01-3.30179256e-01j
  -8.88178420e-16-5.55111512e-17j  1.66533454e-16-2.22044605e-16j
  -4.44089210e-16-5.55111512e-17j  1.11022302e-16+2.12622666e-31j
   7.77156117e-16+2.22044605e-16j  1.11022302e-16-2.22044605e-16j
  -5.55111512e-16-1.49186219e-16j -1.40592886e-31-3.33066907e-16j]
 [-3.45692825e-01+7.16462222e-02j -3.29607787e-02-9.81875213e-02j
  -1.67041096e-02-2.02904367e-02j -7.78741018e-02-4.70802585e-03j
   2.15120366e-02+2.29567605e-01j -8.31566586e-02+1.53894756e-01j
  -9.92448020e-02-4.64499643e-02j  8.82449142e-02+3.42058701e-02j
   2.22044605e-16+1.11022302e-16j  0.00000000e+00-2.77555756e-17j
   4.44089210e-16+2.58844985e-31j -2.22044605e-16+1.66533454e-16j
  -4.44089210e-16+6.66133815e-16j  5.55111512e-17+4.44089210e-16j
   6.10622664e-16-1.11022302e-16j -6.10622664e-16+1.11022302e-16j]
 [ 2.61870740e-01-1.82110187e-01j -1.67041096e-02-2.02904367e-02j
  -1.43272073e-02-1.11384600e-01j  8.25114860e-02+1.79248926e-01j
  -1.17107927e-01+5.75184034e-02j -1.74335739e-01-1.34186711e-01j
   3.37834238e-03-1.42012215e-01j -1.14178722e-01+6.56286704e-02j
  -3.88578059e-16+1.11022302e-16j  4.44089210e-16-4.93038066e-31j
   0.00000000e+00+5.55111512e-17j -1.66533454e-16+1.52655666e-16j
  -4.44089210e-16-1.11022302e-16j -1.11022302e-16+3.88578059e-16j
   3.33066907e-16+2.22044605e-16j -2.77555756e-16+2.22044605e-16j]
 [ 1.61027434e-01-4.33019454e-02j -7.78741018e-02-4.70802585e-03j
   8.25114860e-02+1.79248926e-01j  1.98852461e-01-7.58173560e-02j
   1.00521281e-01-2.86490226e-01j  5.99156041e-03+1.18175349e-01j
  -4.14397808e-02+2.06310243e-01j  1.29452289e-01-1.53443500e-01j
   1.11022302e-16-3.62845202e-31j -2.22044605e-16-1.66533454e-16j
  -2.22044605e-16-1.80411242e-16j  2.22044605e-16-2.77555756e-17j
   4.44089210e-16+2.22044605e-16j  4.99600361e-16-4.44089210e-16j
   4.34489795e-31-4.44089210e-16j -1.11022302e-16+2.22044605e-16j]
 [-1.52281279e-01-3.34962701e-02j  2.15120366e-02+2.29567605e-01j
  -1.17107927e-01+5.75184034e-02j  1.00521281e-01-2.86490226e-01j
   1.85516172e-01-9.74274366e-02j  2.75178011e-01+1.64233683e-01j
   7.56109911e-04+1.81042867e-01j  4.41016293e-04+2.43779688e-02j
   6.66133815e-16-2.22044605e-16j -4.44089210e-16-6.66133815e-16j
  -2.22044605e-16+8.56653639e-31j  4.44089210e-16-1.11022302e-16j
   1.33226763e-15+2.77555756e-17j  7.77156117e-16-8.88178420e-16j
  -4.44089210e-16-4.44089210e-16j  1.11022302e-16+4.44089210e-16j]
 [ 6.59072044e-02+3.08113966e-01j -8.31566586e-02+1.53894756e-01j
  -1.74335739e-01-1.34186711e-01j  5.99156041e-03+1.18175349e-01j
   2.75178011e-01+1.64233683e-01j  2.00922759e-01+5.50920322e-02j
  -6.05751776e-02-4.92835200e-03j -1.01097680e-01+6.11826322e-02j
   8.32667268e-17+2.22044605e-16j -5.62371544e-31-4.44089210e-16j
   5.55111512e-17-3.88578059e-16j  5.55111512e-16+5.55111512e-16j
   6.66133815e-16+8.88178420e-16j  4.44089210e-16-4.62223187e-32j
   2.22044605e-16-4.44089210e-16j -1.11022302e-16+2.22044605e-16j]
 [ 7.57111486e-02+1.48867036e-01j -9.92448020e-02-4.64499643e-02j
   3.37834238e-03-1.42012215e-01j -4.14397808e-02+2.06310243e-01j
   7.56109911e-04+1.81042867e-01j -6.05751776e-02-4.92835200e-03j
  -3.02835468e-02-1.03471673e-01j -7.68482366e-02-7.81750182e-03j
  -5.55111512e-16+2.46330734e-16j  4.44089210e-16+1.11022302e-16j
   2.22044605e-16-2.22044605e-16j  1.50992908e-31+4.44089210e-16j
  -2.22044605e-16+3.33066907e-16j  4.44089210e-16+3.33066907e-16j
   4.44089210e-16+2.20326386e-31j -2.22044605e-16-1.11022302e-16j]
 [-1.71226216e-01-3.30179256e-01j  8.82449142e-02+3.42058701e-02j
  -1.14178722e-01+6.56286704e-02j  1.29452289e-01-1.53443500e-01j
   4.41016293e-04+2.43779688e-02j -1.01097680e-01+6.11826322e-02j
  -7.68482366e-02-7.81750182e-03j  6.50663199e-02+1.50162147e-01j
   2.22044605e-16+2.77555756e-16j -6.66133815e-16-3.23556231e-31j
  -3.88578059e-16-2.22044605e-16j -2.22044605e-16-2.77555756e-16j
  -1.11022302e-16-3.33066907e-16j -1.11022302e-16-1.66533454e-16j
  -2.22044605e-16+5.55111512e-17j -6.66133815e-16-5.55111512e-17j]
 [-4.44089210e-16-3.70983477e-17j  2.15072132e-16+1.13861717e-16j
  -3.32862660e-16+1.68330810e-16j  7.14620509e-17-9.75707562e-17j
   6.41046550e-16-2.36545689e-16j  1.52313136e-17+1.78376430e-16j
  -5.38847403e-16+1.93486827e-16j  9.37494709e-17+3.45939470e-16j
   1.15953538e-01+3.90329627e-02j -3.45692825e-01-7.16462222e-02j
   2.61870740e-01+1.82110187e-01j  1.61027434e-01+4.33019454e-02j
  -1.52281279e-01+3.34962701e-02j  6.59072044e-02-3.08113966e-01j
   7.57111486e-02-1.48867036e-01j -1.71226216e-01+3.30179256e-01j]
 [ 1.62767742e-16-1.78993806e-16j -2.22044605e-16-1.52575034e-17j
   6.37116977e-16+9.10167109e-17j -1.76393738e-16-4.56809287e-18j
  -4.87566202e-16-6.86303489e-16j  9.75108039e-17-5.43189451e-16j
   5.68994994e-16+3.82902512e-17j -4.63476165e-16-2.95823386e-16j
  -3.45692825e-01-7.16462222e-02j -3.29607787e-02+9.81875213e-02j
  -1.67041096e-02+2.02904367e-02j -7.78741018e-02+4.70802585e-03j
   2.15120366e-02-2.29567605e-01j -8.31566586e-02-1.53894756e-01j
  -9.92448020e-02+4.64499643e-02j  8.82449142e-02-3.42058701e-02j]
 [-4.90157778e-16+4.48483443e-17j  6.86394918e-16-4.59555223e-17j
   0.00000000e+00-1.08376818e-17j -2.54069419e-16-2.28662477e-16j
  -3.52525662e-16+1.53441645e-16j  9.39291859e-18-3.68105143e-16j
   2.62932849e-16-2.79522311e-16j -2.51959062e-16-2.24973563e-16j
   2.61870740e-01+1.82110187e-01j -1.67041096e-02+2.02904367e-02j
  -1.43272073e-02+1.11384600e-01j  8.25114860e-02-1.79248926e-01j
  -1.17107927e-01-5.75184034e-02j -1.74335739e-01+1.34186711e-01j
   3.37834238e-03+1.42012215e-01j -1.14178722e-01-6.56286704e-02j]
 [ 8.93834460e-17-8.93834460e-17j -3.57533784e-16+8.19348255e-17j
  -1.19177928e-16+1.63869651e-16j  0.00000000e+00+7.44862050e-17j
   4.17122748e-16-1.04280687e-16j  5.66095158e-16+6.85273086e-16j
  -8.93834460e-17+5.66095158e-16j -1.48972410e-16-2.23458615e-16j
   1.61027434e-01+4.33019454e-02j -7.78741018e-02+4.70802585e-03j
   8.25114860e-02-1.79248926e-01j  1.98852461e-01+7.58173560e-02j
   1.00521281e-01+2.86490226e-01j  5.99156041e-03-1.18175349e-01j
  -4.14397808e-02-2.06310243e-01j  1.29452289e-01+1.53443500e-01j]
 [ 6.79596432e-16+1.05630928e-16j -4.64872543e-16+5.66015473e-16j
  -3.92778393e-17-2.14716797e-17j  5.55336449e-16+9.10559804e-17j
   8.88178420e-16+3.66965659e-17j  7.10169442e-16+9.36819264e-16j
  -3.23181146e-16+3.30231249e-16j  9.93460343e-19-4.23952177e-16j
  -1.52281279e-01+3.34962701e-02j  2.15120366e-02-2.29567605e-01j
  -1.17107927e-01-5.75184034e-02j  1.00521281e-01+2.86490226e-01j
   1.85516172e-01+9.74274366e-02j  2.75178011e-01-1.64233683e-01j
   7.56109911e-04-1.81042867e-01j  4.41016293e-04-2.43779688e-02j]
 [ 8.66548252e-17-2.29296522e-16j  1.36637409e-16+4.98024361e-16j
  -8.45503522e-17+4.21639344e-16j  5.78425697e-16-6.89208525e-16j
   7.25851600e-16-1.00128597e-15j  5.55111512e-16+9.60776856e-18j
   3.57928098e-16+4.55544852e-16j  6.45163561e-17-1.56205111e-16j
   6.59072044e-02-3.08113966e-01j -8.31566586e-02-1.53894756e-01j
  -1.74335739e-01+1.34186711e-01j  5.99156041e-03-1.18175349e-01j
   2.75178011e-01-1.64233683e-01j  2.00922759e-01-5.50920322e-02j
  -6.05751776e-02+4.92835200e-03j -1.01097680e-01-6.11826322e-02j]
 [-5.95916318e-16-1.45146341e-16j  5.87255378e-16-6.62707350e-17j
   2.06823651e-16+3.08862264e-16j -1.53194489e-16-4.88267667e-16j
  -3.63820966e-16-3.53375985e-16j  4.07800345e-16-4.34213192e-16j
   5.55111512e-16+6.56906674e-18j -3.18743464e-16+7.96858659e-17j
   7.57111486e-02-1.48867036e-01j -9.92448020e-02+4.64499643e-02j
   3.37834238e-03+1.42012215e-01j -4.14397808e-02-2.06310243e-01j
   7.56109911e-04-1.81042867e-01j -6.05751776e-02+4.92835200e-03j
  -3.02835468e-02+1.03471673e-01j -7.68482366e-02+7.81750182e-03j]
 [-4.15085595e-17-3.21691336e-16j -4.66971295e-16+3.32068476e-16j
  -3.13908482e-16+2.49051357e-16j -1.72519951e-16+1.73817093e-16j
  -2.07542798e-17+5.39611274e-16j -4.15085595e-17+2.38674217e-16j
  -3.94331316e-16-9.33942590e-17j -6.66133815e-16+3.37257046e-17j
  -1.71226216e-01+3.30179256e-01j  8.82449142e-02-3.42058701e-02j
  -1.14178722e-01-6.56286704e-02j  1.29452289e-01+1.53443500e-01j
   4.41016293e-04-2.43779688e-02j -1.01097680e-01-6.11826322e-02j
  -7.68482366e-02+7.81750182e-03j  6.50663199e-02-1.50162147e-01j]], gamma = [ 0.60375951-1.39709483j  0.76716422+0.22156281j  0.77719428-1.13493897j
 -0.82526607+0.82895283j  1.54191175+1.68071033j -0.075553  +0.0579856j
  2.41579233+1.90417764j  2.09709282-0.16441461j  0.60375951+1.39709483j
  0.76716422-0.22156281j  0.77719428+1.13493897j -0.82526607-0.82895283j
  1.54191175-1.68071033j -0.075553  -0.0579856j   2.41579233-1.90417764j
  2.09709282+0.16441461j]
INFO 2022-02-12 08:11:41,016 lhaf_exact = (79717.11797456496+3.507011570036411e-08j), prob_exact = 9.424546560891962e-11, exact_time = 0.15609431266784668
INFO 2022-02-12 09:03:18,488 For k = 4, lhaf_k_approx=(74494.6317002703+5.39682654676632e-08j), prob_k_approx = 8.807118757350276e-11, time = 3097.4713838100433
INFO 2022-02-12 20:14:26,822 For k = 5, lhaf_k_approx=(72277.14438016973-1.0005524525569243e-07j), prob_k_approx = 8.544956589079924e-11, time = 40268.33420753479
INFO 2022-02-12 20:14:26,822 
INFO 2022-02-12 20:14:26,822 Number of coherent states = 6
INFO 2022-02-12 20:14:26,837 mu = [-0.24468512  0.7715889   3.32139933 -2.5860173   2.71214248  0.30712976
  5.12217738  5.14238077  1.00450226  0.53460223  1.5469189  -1.0019248
 -2.63097813 -1.36096612 -4.93844429  2.2672961 ]
INFO 2022-02-12 20:14:26,837 cov = [[ 5.92762556e+00 -3.05057965e+00  1.74631999e+00  5.16474401e+00
   6.61953903e-02 -1.75137530e+00 -8.38233804e-01  2.08958768e-01
   3.31635796e+00 -1.69450204e-01 -6.89515095e-01 -3.19999311e-01
   3.25988929e+00 -2.49801690e+00 -2.29179077e+00  2.67155855e+00]
 [-3.05057965e+00  2.61961190e+00 -7.72659105e-01 -3.04957348e+00
  -5.01265977e-01  5.69046984e-01  4.76847525e-01 -1.87448944e-01
  -1.62741343e+00  3.74349737e-01  6.10420313e-01  3.23417046e-02
  -2.21961747e+00  1.35812656e+00  1.56375438e+00 -1.48018515e+00]
 [ 1.74631999e+00 -7.72659105e-01  3.54076333e+00  6.14738146e-01
  -3.41995999e+00 -3.63070753e+00  2.89301915e-01  2.18592667e-01
   2.79338582e+00  2.37473256e+00 -4.73730329e-02 -1.32543014e+00
   7.17555051e-01  5.34326016e-01  7.87085010e-01  1.38082103e+00]
 [ 5.16474401e+00 -3.04957348e+00  6.14738146e-01  6.74537627e+00
   2.16099421e+00 -1.19757363e-02 -1.15664638e+00  2.69522525e-01
   2.15918610e+00 -1.46616497e+00 -1.01218155e+00  2.47693791e-01
   3.74270271e+00 -3.01763233e+00 -3.21185224e+00  2.39107731e+00]
 [ 6.61953903e-02 -5.01265977e-01 -3.41995999e+00  2.16099421e+00
   7.14113507e+00  5.40102246e+00 -1.01194395e+00 -2.43101190e-01
  -2.88056889e+00 -4.35283397e+00 -4.06025266e-01  2.18842300e+00
   8.83962881e-01 -2.46608902e+00 -2.87955964e+00 -7.67614116e-01]
 [-1.75137530e+00  5.69046984e-01 -3.63070753e+00 -1.19757363e-02
   5.40102246e+00  6.13849808e+00 -7.25658987e-01 -2.16400019e-01
  -3.89086983e+00 -3.56002392e+00 -5.03011978e-02  1.75566738e+00
  -6.43035077e-01 -1.29190955e+00 -1.56302767e+00 -1.65697241e+00]
 [-8.38233804e-01  4.76847525e-01  2.89301915e-01 -1.15664638e+00
  -1.01194395e+00 -7.25658987e-01  1.22032394e+00  1.71534169e-02
  -9.07974538e-02  8.16114357e-01  2.41361455e-01 -4.24665524e-01
  -8.17751795e-01  7.20212467e-01  8.94976779e-01 -2.95425708e-01]
 [ 2.08958768e-01 -1.87448944e-01  2.18592667e-01  2.69522525e-01
  -2.43101190e-01 -2.16400019e-01  1.71534169e-02  9.55168746e-01
   3.96957919e-01  4.76419369e-02  2.53876603e-02  2.54871150e-02
   1.46108959e-01 -1.45961805e-01 -7.10547362e-02  1.90576315e-01]
 [ 3.31635796e+00 -1.62741343e+00  2.79338582e+00  2.15918610e+00
  -2.88056889e+00 -3.89086983e+00 -9.07974538e-02  3.96957919e-01
   4.31345959e+00  2.20405215e+00 -3.79561879e-01 -1.50954197e+00
   1.73736462e+00 -1.83646810e-01  5.18165363e-04  2.07110693e+00]
 [-1.69450204e-01  3.74349737e-01  2.37473256e+00 -1.46616497e+00
  -4.35283397e+00 -3.56002392e+00  8.16114357e-01  4.76419369e-02
   2.20405215e+00  3.82802212e+00  3.33437196e-01 -1.24061333e+00
  -5.51633050e-01  1.63571919e+00  1.91656479e+00  5.37812004e-01]
 [-6.89515095e-01  6.10420313e-01 -4.73730329e-02 -1.01218155e+00
  -4.06025266e-01 -5.03011978e-02  2.41361455e-01  2.53876603e-02
  -3.79561879e-01  3.33437196e-01  1.04414949e+00 -9.60536800e-02
  -4.40135616e-01  6.94579056e-01  5.39450998e-01 -3.79413765e-01]
 [-3.19999311e-01  3.23417046e-02 -1.32543014e+00  2.47693791e-01
   2.18842300e+00  1.75566738e+00 -4.24665524e-01  2.54871150e-02
  -1.50954197e+00 -1.24061333e+00 -9.60536800e-02  1.43797429e+00
  -1.32136194e-01 -5.81711648e-01 -6.65609801e-01 -5.07323236e-01]
 [ 3.25988929e+00 -2.21961747e+00  7.17555051e-01  3.74270271e+00
   8.83962881e-01 -6.43035077e-01 -8.17751795e-01  1.46108959e-01
   1.73736462e+00 -5.51633050e-01 -4.40135616e-01 -1.32136194e-01
   3.07622183e+00 -2.07864957e+00 -1.81515140e+00  1.68074611e+00]
 [-2.49801690e+00  1.35812656e+00  5.34326016e-01 -3.01763233e+00
  -2.46608902e+00 -1.29190955e+00  7.20212467e-01 -1.45961805e-01
  -1.83646810e-01  1.63571919e+00  6.94579056e-01 -5.81711648e-01
  -2.07864957e+00  2.73348333e+00  2.13635930e+00 -8.80983739e-01]
 [-2.29179077e+00  1.56375438e+00  7.87085010e-01 -3.21185224e+00
  -2.87955964e+00 -1.56302767e+00  8.94976779e-01 -7.10547362e-02
   5.18165363e-04  1.91656479e+00  5.39450998e-01 -6.65609801e-01
  -1.81515140e+00  2.13635930e+00  3.25921956e+00 -8.17741443e-01]
 [ 2.67155855e+00 -1.48018515e+00  1.38082103e+00  2.39107731e+00
  -7.67614116e-01 -1.65697241e+00 -2.95425708e-01  1.90576315e-01
   2.07110693e+00  5.37812004e-01 -3.79413765e-01 -5.07323236e-01
   1.68074611e+00 -8.80983739e-01 -8.17741443e-01  2.50496786e+00]]
INFO 2022-02-12 20:14:26,853 A=[[ 6.65827637e-02-2.73593029e-01j -2.16748409e-01+7.41188630e-02j
   8.76905425e-02-8.67826047e-02j  2.75307753e-01-7.58646517e-02j
  -6.89340922e-02-1.56465944e-02j -6.46672632e-02+2.63535313e-01j
  -3.45976963e-02+9.82794280e-02j -7.68117858e-02-1.26573296e-01j
   4.44089210e-16-5.50161888e-47j  3.60822483e-16+1.55615140e-31j
  -1.11022302e-16-4.44089210e-16j  1.11022302e-16+2.22044605e-16j
  -3.15852511e-31+6.66133815e-16j  5.55111512e-17+1.11022302e-16j
   2.77555756e-17-5.55111512e-16j  1.11022302e-16+3.33066907e-16j]
 [-2.16748409e-01+7.41188630e-02j -4.98457367e-02-3.08831192e-02j
  -4.56253879e-02-1.23134629e-01j -7.46178325e-02+5.91438037e-02j
   2.07759239e-03+2.71107178e-01j -4.39991826e-02+9.08261070e-02j
  -5.93869254e-02-9.81672518e-02j -2.99163030e-02+5.90910031e-02j
   4.44089210e-16-9.78372412e-32j  8.88178420e-16-2.77555756e-17j
  -1.11022302e-16-3.88578059e-16j -4.44089210e-16+2.22044605e-16j
   1.66533454e-16+7.77156117e-16j  3.33066907e-16+6.66133815e-16j
   1.11022302e-16+8.32667268e-17j -1.52655666e-16-4.31408308e-32j]
 [ 8.76905425e-02-8.67826047e-02j -4.56253879e-02-1.23134629e-01j
   1.02982873e-01+3.90818232e-03j  2.93194659e-02+9.64241903e-02j
  -1.22914834e-01-1.28502982e-02j -1.78413831e-01-1.99655492e-02j
  -1.03184044e-02-4.24224083e-02j  2.46671790e-02-5.80047296e-02j
  -1.11022302e-16+4.44089210e-16j -9.71445147e-17+3.88578059e-16j
   2.22044605e-16+6.16297582e-33j -2.49800181e-16-1.38777878e-16j
  -4.44089210e-16+1.11022302e-16j -3.33066907e-16+1.11022302e-16j
  -2.77555756e-17+3.33066907e-16j -1.17961196e-16+1.11022302e-16j]
 [ 2.75307753e-01-7.58646517e-02j -7.46178325e-02+5.91438037e-02j
   2.93194659e-02+9.64241903e-02j  2.18925128e-01-2.04342520e-02j
   9.45893810e-02-2.44653120e-01j  2.35010477e-02+5.20548168e-02j
  -2.02547773e-02+1.50002792e-01j  3.20441259e-02-9.96809130e-02j
   1.11022302e-16-3.33066907e-16j -4.44089210e-16-1.66533454e-16j
  -1.66533454e-16+1.11022302e-16j  6.66133815e-16+5.55111512e-17j
   2.22044605e-16-1.11022302e-16j -2.75793168e-31-8.88178420e-16j
  -3.88578059e-16-4.44089210e-16j  9.71445147e-17+3.33066907e-16j]
 [-6.89340922e-02-1.56465944e-02j  2.07759239e-03+2.71107178e-01j
  -1.22914834e-01-1.28502982e-02j  9.45893810e-02-2.44653120e-01j
   1.67673686e-01-7.29252042e-02j  3.08529137e-01+1.28248320e-01j
   3.31315198e-02+1.52510472e-01j -7.93568149e-02+2.56364784e-02j
  -5.55111512e-17-6.66133815e-16j  1.11022302e-16-7.77156117e-16j
  -6.66133815e-16-1.11022302e-16j  2.22044605e-16+1.66533454e-16j
   1.33226763e-15+1.38777878e-17j  6.66133815e-16-2.22044605e-16j
  -2.22044605e-16-3.33066907e-16j  2.77555756e-16-2.77555756e-16j]
 [-6.46672632e-02+2.63535313e-01j -4.39991826e-02+9.08261070e-02j
  -1.78413831e-01-1.99655492e-02j  2.35010477e-02+5.20548168e-02j
   3.08529137e-01+1.28248320e-01j  1.40453520e-01+1.06580004e-01j
  -1.18055448e-01+3.47653009e-02j  2.74134269e-02+7.43692685e-02j
   1.11022302e-16-2.22044605e-16j  4.44089210e-16-6.66133815e-16j
  -4.44089210e-16-2.22044605e-16j -5.55111512e-17+8.88178420e-16j
   6.66133815e-16+2.77555756e-16j  1.55431223e-15-1.54074396e-31j
   4.44089210e-16-6.66133815e-16j -2.77555756e-16-2.41896801e-31j]
 [-3.45976963e-02+9.82794280e-02j -5.93869254e-02-9.81672518e-02j
  -1.03184044e-02-4.24224083e-02j -2.02547773e-02+1.50002792e-01j
   3.31315198e-02+1.52510472e-01j -1.18055448e-01+3.47653009e-02j
  -8.41024453e-02-7.38338293e-02j  3.44385944e-02+1.51169590e-02j
   2.77555756e-17+5.55111512e-16j  1.11022302e-16-8.32667268e-17j
  -5.38875198e-31-2.77555756e-16j -3.88578059e-16+4.44089210e-16j
  -4.44089210e-16+3.33066907e-16j  4.44089210e-16+6.66133815e-16j
   6.66133815e-16-1.38777878e-17j -1.94289029e-16+1.38777878e-16j]
 [-7.68117858e-02-1.26573296e-01j -2.99163030e-02+5.90910031e-02j
   2.46671790e-02-5.80047296e-02j  3.20441259e-02-9.96809130e-02j
  -7.93568149e-02+2.56364784e-02j  2.74134269e-02+7.43692685e-02j
   3.44385944e-02+1.51169590e-02j -6.39276939e-02-1.57221723e-02j
   2.22044605e-16-2.22044605e-16j -1.52655666e-16-4.96889926e-32j
  -1.52655666e-16-1.11022302e-16j  9.71445147e-17-2.22044605e-16j
   2.77555756e-16+2.77555756e-16j -3.33066907e-16+1.11022302e-16j
  -2.22044605e-16-1.17961196e-16j  2.22044605e-16-1.75259625e-32j]
 [ 8.88178420e-16+4.33080028e-17j  4.35342983e-16+1.81392909e-16j
  -9.23402566e-17+4.93680434e-16j  1.96713541e-16-2.53382528e-16j
  -5.01875527e-17-5.49883827e-16j  2.23148419e-16-2.16918518e-16j
   7.93624551e-17+4.26821512e-16j  2.07675791e-16-1.41456231e-16j
   6.65827637e-02+2.73593029e-01j -2.16748409e-01-7.41188630e-02j
   8.76905425e-02+8.67826047e-02j  2.75307753e-01+7.58646517e-02j
  -6.89340922e-02+1.56465944e-02j -6.46672632e-02-2.63535313e-01j
  -3.45976963e-02-9.82794280e-02j -7.68117858e-02+1.26573296e-01j]
 [ 3.95739068e-16-2.34370792e-16j  8.88178420e-16+1.19256724e-17j
  -6.58800384e-17+4.32443329e-16j -4.03933713e-16-2.37886148e-16j
   2.01029118e-16-6.97255387e-16j  3.76975726e-16-6.61112217e-16j
   1.79363218e-16+2.13212599e-18j -1.84129760e-16+7.10151311e-17j
  -2.16748409e-01-7.41188630e-02j -4.98457367e-02+3.08831192e-02j
  -4.56253879e-02+1.23134629e-01j -7.46178325e-02-5.91438037e-02j
   2.07759239e-03-2.71107178e-01j -4.39991826e-02-9.08261070e-02j
  -5.93869254e-02+9.81672518e-02j -2.99163030e-02-5.90910031e-02j]
 [-5.24141621e-17-6.60802743e-16j -4.61864330e-17-4.21636589e-16j
   3.33066907e-16-7.82716381e-18j -1.49058310e-16+1.21454919e-16j
  -5.12543021e-16-1.19765308e-16j -4.68244378e-16-2.24511880e-16j
   1.00472512e-17-2.81441012e-16j -1.25622762e-16-1.36601192e-16j
   8.76905425e-02+8.67826047e-02j -4.56253879e-02+1.23134629e-01j
   1.02982873e-01-3.90818232e-03j  2.93194659e-02-9.64241903e-02j
  -1.22914834e-01+1.28502982e-02j -1.78413831e-01+1.99655492e-02j
  -1.03184044e-02+4.24224083e-02j  2.46671790e-02+5.80047296e-02j]
 [ 2.05314029e-16+3.59299551e-16j -3.07971044e-16+1.36876019e-16j
  -1.88204527e-16-1.45430771e-16j  8.88178420e-16+1.81788463e-17j
   1.36876019e-16+2.56642536e-16j  8.55475121e-18+5.64613580e-16j
  -2.90861541e-16+3.93518556e-16j  1.71095024e-16-1.96759278e-16j
   2.75307753e-01+7.58646517e-02j -7.46178325e-02-5.91438037e-02j
   2.93194659e-02-9.64241903e-02j  2.18925128e-01+2.04342520e-02j
   9.45893810e-02+2.44653120e-01j  2.35010477e-02-5.20548168e-02j
  -2.02547773e-02-1.50002792e-01j  3.20441259e-02+9.96809130e-02j]
 [-4.74382897e-17+9.09765113e-16j  1.81487263e-16+7.76545031e-16j
  -5.71706400e-16+1.21763893e-16j  1.25794716e-16-1.96017817e-16j
   1.22124533e-15+7.43674195e-17j  5.27999497e-16+3.79499638e-16j
  -3.85027250e-16+3.42385226e-16j  3.73008432e-16+2.39515405e-16j
  -6.89340922e-02+1.56465944e-02j  2.07759239e-03-2.71107178e-01j
  -1.22914834e-01+1.28502982e-02j  9.45893810e-02+2.44653120e-01j
   1.67673686e-01+7.29252042e-02j  3.08529137e-01-1.28248320e-01j
   3.31315198e-02-1.52510472e-01j -7.93568149e-02-2.56364784e-02j]
 [ 8.94521558e-17+2.16408869e-16j  4.01148669e-16+6.08869980e-16j
  -4.30906914e-16+1.52870295e-16j -4.57787934e-17-6.89407867e-16j
   6.06189236e-16-2.54430447e-16j  1.22124533e-15+1.03154007e-17j
   3.86703637e-16+6.96066547e-16j -3.08956050e-16+7.50130950e-17j
  -6.46672632e-02-2.63535313e-01j -4.39991826e-02-9.08261070e-02j
  -1.78413831e-01+1.99655492e-02j  2.35010477e-02-5.20548168e-02j
   3.08529137e-01-1.28248320e-01j  1.40453520e-01-1.06580004e-01j
  -1.18055448e-01-3.47653009e-02j  2.74134269e-02-7.43692685e-02j]
 [ 4.86723834e-17-4.92418461e-16j  1.67574217e-16-6.21742684e-19j
   2.27066177e-17+2.89821402e-16j -4.64516611e-16-5.41805957e-16j
