INFO 2022-02-11 10:55:11,897 NumExpr defaulting to 8 threads.
INFO 2022-02-11 10:55:19,465 Trying to find the error between k-approx and exact hafnian calculation. Run for 8 modes, test output pattern is [1, 3, 2, 1, 3, 2, 2, 2], total output photon numbers is 16, cutoff k is 4, hbar = 2
INFO 2022-02-11 10:55:19,465 Squeezing r = 1.55, coherent state alpha = 2.25
INFO 2022-02-11 10:55:19,467 U = [[ 0.07710871+0.21162963j  0.27311514+0.06344089j  0.0801365 -0.09423754j
  -0.23360802+0.34126126j  0.07158522+0.09883681j -0.32271203-0.39770831j
   0.25101402+0.03198496j  0.32266628-0.48883871j]
 [ 0.32788034-0.30682031j  0.23932279-0.15088125j  0.37687963+0.28972029j
  -0.32862099-0.03917891j -0.2744999 +0.10868782j -0.16949767+0.21727285j
   0.3700108 -0.05702261j  0.01491367+0.28165619j]
 [-0.12704007+0.12526426j  0.05834088+0.03415773j  0.36085529+0.47316356j
   0.24651493+0.24854646j -0.19325134-0.37671468j  0.39266907-0.16065757j
   0.04122026-0.29235736j -0.07614709-0.18634334j]
 [-0.09706315-0.26259648j -0.45025059+0.1955157j   0.3779968 +0.11114862j
  -0.25434377-0.24168248j  0.05687579-0.17080884j -0.20788559+0.14577352j
  -0.17395895+0.20681379j -0.05173179-0.47931867j]
 [-0.13446759-0.27447351j  0.37285055-0.10290388j  0.12081865-0.12422378j
   0.39784465+0.09445783j -0.07175215-0.33983902j -0.08259578+0.16232056j
  -0.08634183+0.54244939j  0.32212762+0.02152336j]
 [ 0.17590852+0.02865416j -0.47492932-0.35465557j  0.12562331-0.0285822j
  -0.00704497+0.3860293j   0.14686335-0.05721707j  0.10183017-0.27666554j
   0.22071533+0.45456591j -0.21016518+0.19989904j]
 [-0.13139794-0.1365314j   0.28652845-0.06748636j  0.23589884-0.09749739j
   0.01135504-0.38053888j  0.67130109-0.16424714j  0.06457616-0.25113089j
   0.25583464-0.09826983j -0.20447936+0.07462442j]
 [ 0.4683263 +0.50694829j -0.07080523+0.05664734j  0.2821849 -0.24078259j
   0.05025394-0.10029979j  0.20208134-0.1494401j   0.21071003+0.43077042j
   0.05713519-0.01339182j  0.26034667-0.03010458j]]
INFO 2022-02-11 10:55:19,477 
INFO 2022-02-11 10:55:19,477 Number of coherent states = 2
INFO 2022-02-11 10:55:19,487 mu = [ 1.5760073   2.55241408 -0.30914638 -2.46291183  1.07272335 -1.34559361
  0.69808729  1.78884482  1.23781734 -2.059657    0.71739895 -0.30186353
 -1.69819827 -1.46700633 -0.91807993  2.53618034]
INFO 2022-02-11 10:55:19,487 cov = [[11.98198092 -5.6524052   3.32587364  1.45392185 -1.02384964  3.32100878
  -1.66474716 -3.93963021  2.249756    2.1354422   1.95884986  0.39745179
   0.18104937 -1.63835766 -2.90833945  4.36376721]
 [-5.6524052   5.34441795  0.27934936 -2.12297696 -1.32881109 -1.32560988
  -1.23586393  0.05809311 -0.88964176 -0.85297967 -2.98136669 -1.81095132
  -2.07393777 -0.15495817 -1.88768681 -4.52180894]
 [ 3.32587364  0.27934936 12.78628406  1.34184943 -2.12481846 -0.53711239
  -0.51097238 -3.14938788  2.81254183 -2.59532291 -5.40237953 -4.09810313
  -3.54766548  0.84317165  4.12885796  0.5345165 ]
 [ 1.45392185 -2.12297696  1.34184943  9.07177622  3.15697811 -2.73958518
   0.2758554   2.02947896  2.06255108 -4.58473186 -2.63443468 -1.15824357
   5.6101606  -3.08034966 -1.57655437  2.22044208]
 [-1.02384964 -1.32881109 -2.12481846  3.15697811 10.48755174  5.71573374
  -1.17849163  2.72770635 -0.71906677 -4.090605   -2.88017511  4.89689735
   0.14077334 -1.58268219  2.457438    0.69520798]
 [ 3.32100878 -1.32560988 -0.53711239 -2.73958518  5.71573374 10.9610579
  -2.23716792 -3.31871919 -3.69807964 -2.04095093  0.23297302  2.91060097
  -4.34942309 -0.34185701 -0.26349361 -0.40908933]
 [-1.66474716 -1.23586393 -0.51097238  0.2758554  -1.17849163 -2.23716792
   5.91265253 -0.6556641  -3.29962101 -3.06179646  4.53533841 -2.52569821
   2.18651292  2.03243152  4.30202465  2.6430176 ]
 [-3.93963021  0.05809311 -3.14938788  2.02947896  2.72770635 -3.31871919
  -0.6556641   6.64450894  3.55286496  1.80988207 -1.84087596  3.47779307
   2.19743922  0.07152145  2.82079108  0.46565069]
 [ 2.249756   -0.88964176  2.81254183  2.06255108 -0.71906677 -3.69807964
  -3.29962101  3.55286496  7.64259801  5.32566704 -4.03062371  2.06075236
   0.48037637 -0.63715328  0.95729789  1.35554857]
 [ 2.1354422  -0.85297967 -2.59532291 -4.58473186 -4.090605   -2.04095093
  -3.06179646  1.80988207  5.32566704 11.19643767  1.16355187  3.91468586
  -1.60404885  1.55365271 -0.33424431  0.49817178]
 [ 1.95884986 -2.98136669 -5.40237953 -2.63443468 -2.88017511  0.23297302
   4.53533841 -1.84087596 -4.03062371  1.16355187  8.71985658 -0.52903862
   2.10582008  1.7229496   0.22754125  3.11273995]
 [ 0.39745179 -1.81095132 -4.09810313 -1.15824357  4.89689735  2.91060097
  -2.52569821  3.47779307  2.06075236  3.91468586 -0.52903862  6.70702392
  -1.07462363  0.31249487  1.61884249  0.71596837]
 [ 0.18104937 -2.07393777 -3.54766548  5.6101606   0.14077334 -4.34942309
   2.18651292  2.19743922  0.48037637 -1.60404885  2.10582008 -1.07462363
   6.8359141  -2.23189256 -2.24095435  2.01619196]
 [-1.63835766 -0.15495817  0.84317165 -3.08034966 -1.58268219 -0.34185701
   2.03243152  0.07152145 -0.63715328  1.55365271  1.7229496   0.31249487
  -2.23189256  3.52678234  5.05443811  1.0829618 ]
 [-2.90833945 -1.88768681  4.12885796 -1.57655437  2.457438   -0.26349361
   4.30202465  2.82079108  0.95729789 -0.33424431  0.22754125  1.61884249
  -2.24095435  5.05443811 13.84938191  3.79053785]
 [ 4.36376721 -4.52180894  0.5345165   2.22044208  0.69520798 -0.40908933
   2.6430176   0.46565069  1.35554857  0.49817178  3.11273995  0.71596837
   2.01619196  1.0829618   3.79053785  5.78977811]]
INFO 2022-02-11 10:55:19,497 A=[[ 1.78995290e-01-1.85600458e-01j -4.52834716e-01-5.13880469e-02j
   3.03448303e-01-1.96815229e-01j -2.50311634e-02-1.01472706e-01j
  -6.20478477e-02+2.21926901e-02j  1.63270304e-01+2.20122806e-01j
  -1.08156787e-01+2.56072282e-01j -2.18420933e-01-3.26553315e-01j
  -8.88178420e-16-8.32667268e-17j -9.43689571e-16+1.01920213e-30j
   1.66533454e-15-7.21644966e-16j  4.44089210e-16+3.88578059e-16j
  -2.77555756e-17-1.05471187e-15j  6.66133815e-16-1.22124533e-15j
  -2.22044605e-16+3.33066907e-16j -6.66133815e-16-1.94289029e-16j]
 [-4.52834716e-01-5.13880469e-02j -2.41390075e-01+7.03691503e-02j
  -3.64724866e-02+2.30032978e-01j -2.49047671e-01+2.63815660e-01j
   1.13532878e-02+2.54281345e-01j -1.18766759e-01+9.05790970e-02j
  -3.71909250e-02+2.04161332e-01j -1.81528136e-02+1.11864324e-01j
  -1.11022302e-15-5.36178897e-31j -8.88178420e-16-1.66400347e-31j
   3.33066907e-16+8.04911693e-16j -3.49748878e-31-1.11022302e-16j
  -4.44089210e-16-1.77635684e-15j  1.11022302e-16-7.77156117e-16j
   6.66133815e-16-1.11022302e-16j -4.71844785e-16-4.44089210e-16j]
 [ 3.03448303e-01-1.96815229e-01j -3.64724866e-02+2.30032978e-01j
   1.67736147e-01+4.45685717e-01j  7.71722978e-02+2.77710584e-01j
  -1.74509692e-01+2.65142122e-01j -9.32253412e-02-4.43899125e-02j
  -3.04629632e-02-3.57389605e-01j -2.58306633e-01+5.38860472e-02j
   1.55431223e-15+8.32667268e-16j  4.44089210e-16-9.99200722e-16j
   8.88178420e-16-4.17541612e-31j  2.49800181e-16-9.43689571e-16j
   2.22044605e-16-9.43689571e-16j  6.10622664e-16-5.55111512e-17j
  -6.66133815e-16-9.99200722e-16j -1.22124533e-15-1.99840144e-15j]
 [-2.50311634e-02-1.01472706e-01j -2.49047671e-01+2.63815660e-01j
   7.71722978e-02+2.77710584e-01j  9.75437136e-02+9.55528233e-02j
   1.74549423e-01-4.33405838e-01j -1.25895310e-01+7.00196707e-03j
  -5.53969009e-02+1.69213897e-01j  5.41810240e-02-2.35046613e-01j
   4.44089210e-16-2.77555756e-16j  1.11022302e-16+2.22044605e-16j
   1.94289029e-16+9.99200722e-16j  1.33226763e-15-1.11022302e-16j
  -1.11022302e-16+7.77156117e-16j  7.19527427e-31-2.22044605e-16j
   8.88178420e-16+4.44089210e-16j -4.44089210e-16-4.44089210e-16j]
 [-6.20478477e-02+2.21926901e-02j  1.13532878e-02+2.54281345e-01j
  -1.74509692e-01+2.65142122e-01j  1.74549423e-01-4.33405838e-01j
   1.50626473e-01-1.16135245e-02j  3.27831792e-01+2.44693526e-01j
   4.38255454e-02-1.91558422e-01j  2.93492711e-02-1.19318861e-01j
  -2.77555756e-17+1.22124533e-15j -3.33066907e-16+1.55431223e-15j
   3.33066907e-16+9.43689571e-16j  2.01837458e-31-6.10622664e-16j
   0.00000000e+00-1.11022302e-16j -5.55111512e-16+4.44089210e-16j
  -1.07852077e-30-8.04911693e-16j  6.66133815e-16+1.11022302e-16j]
 [ 1.63270304e-01+2.20122806e-01j -1.18766759e-01+9.05790970e-02j
  -9.32253412e-02-4.43899125e-02j -1.25895310e-01+7.00196707e-03j
   3.27831792e-01+2.44693526e-01j  3.06656578e-01+2.82025332e-02j
  -3.00771599e-01-7.29669544e-02j -1.81565025e-01+1.39243442e-02j
   6.66133815e-16+1.11022302e-15j  5.55111512e-17+6.66133815e-16j
   6.66133815e-16-1.70868505e-30j  2.22044605e-16+2.22044605e-16j
  -3.33066907e-16-4.44089210e-16j -8.88178420e-16+3.69778549e-32j
  -8.88178420e-16-1.75644811e-31j  2.22044605e-16-3.88578059e-16j]
 [-1.08156787e-01+2.56072282e-01j -3.71909250e-02+2.04161332e-01j
  -3.04629632e-02-3.57389605e-01j -5.53969009e-02+1.69213897e-01j
   4.38255454e-02-1.91558422e-01j -3.00771599e-01-7.29669544e-02j
  -3.27382305e-01-3.54908598e-01j -1.83401471e-01-2.25376751e-01j
  -2.77555756e-16-5.55111512e-16j  8.88178420e-16+3.33066907e-16j
  -4.99600361e-16+7.77156117e-16j  9.99200722e-16-3.88578059e-16j
  -2.22044605e-16+8.88178420e-16j -8.88178420e-16+6.62519901e-31j
  -8.88178420e-16-1.11022302e-16j  4.44089210e-16+3.33066907e-16j]
 [-2.18420933e-01-3.26553315e-01j -1.81528136e-02+1.11864324e-01j
  -2.58306633e-01+5.38860472e-02j  5.41810240e-02-2.35046613e-01j
   2.93492711e-02-1.19318861e-01j -1.81565025e-01+1.39243442e-02j
  -1.83401471e-01-2.25376751e-01j  3.52568087e-02-3.84152692e-02j
  -6.66133815e-16+2.22044605e-16j -6.93889390e-16+4.44089210e-16j
  -1.33226763e-15+1.99840144e-15j -2.22044605e-16+3.88578059e-16j
   2.22044605e-16-1.66533454e-16j  2.22044605e-16+3.60822483e-16j
   2.22044605e-16-6.66133815e-16j  4.44089210e-16-5.55111512e-17j]
 [-1.11022302e-15-2.11276637e-17j -8.13751565e-16+0.00000000e+00j
   1.55031953e-15+5.35784133e-16j  4.75389806e-16-4.39029564e-16j
   2.66540887e-16+8.52748338e-16j  6.73224164e-16+1.31105534e-15j
  -4.30062200e-16+1.24813359e-17j -4.38737076e-16+7.92903982e-17j
   1.78995290e-01+1.85600458e-01j -4.52834716e-01+5.13880469e-02j
   3.03448303e-01+1.96815229e-01j -2.50311634e-02+1.01472706e-01j
  -6.20478477e-02-2.21926901e-02j  1.63270304e-01-2.20122806e-01j
  -1.08156787e-01-2.56072282e-01j -2.18420933e-01+3.26553315e-01j]
 [-8.45410680e-16+1.67273829e-16j -1.33226763e-15-8.07117709e-18j
   1.71626437e-16-7.87642755e-16j  1.90986042e-16+9.86145406e-17j
  -3.91036658e-16+1.64326198e-15j  7.49744333e-17+1.01388846e-15j
   8.52531262e-16+3.22563765e-16j -6.53817399e-16+4.27896932e-16j
  -4.52834716e-01+5.13880469e-02j -2.41390075e-01-7.03691503e-02j
  -3.64724866e-02-2.30032978e-01j -2.49047671e-01-2.63815660e-01j
   1.13532878e-02-2.54281345e-01j -1.18766759e-01-9.05790970e-02j
  -3.71909250e-02-2.04161332e-01j -1.81528136e-02-1.11864324e-01j]
 [ 1.58709649e-15-6.05587765e-16j -8.10931257e-17+6.94816144e-16j
   2.33146835e-15-6.62673489e-17j  4.28788590e-17+8.38519909e-16j
   3.57314189e-16+9.77569354e-16j  7.44599297e-16-1.80842325e-16j
   2.50403206e-17+9.07973302e-16j -1.29079546e-15+1.61937528e-15j
   3.03448303e-01+1.96815229e-01j -3.64724866e-02-2.30032978e-01j
   1.67736147e-01-4.45685717e-01j  7.71722978e-02-2.77710584e-01j
  -1.74509692e-01-2.65142122e-01j -9.32253412e-02+4.43899125e-02j
  -3.04629632e-02+3.57389605e-01j -2.58306633e-01-5.38860472e-02j]
 [ 4.63009382e-16+6.18497608e-16j  1.31301168e-16-1.17479993e-16j
  -7.08335249e-17-8.43091711e-16j  1.33226763e-15+1.65854107e-16j
  -5.52847024e-17-7.46343482e-16j  2.76423512e-17+1.38211756e-16j
   1.14024699e-15-4.35367031e-16j -3.59350565e-16+3.66261153e-16j
  -2.50311634e-02+1.01472706e-01j -2.49047671e-01-2.63815660e-01j
   7.71722978e-02-2.77710584e-01j  9.75437136e-02-9.55528233e-02j
   1.74549423e-01+4.33405838e-01j -1.25895310e-01-7.00196707e-03j
  -5.53969009e-02-1.69213897e-01j  5.41810240e-02+2.35046613e-01j]
 [ 2.27698835e-16-9.70528255e-16j -3.24639541e-16-1.63054652e-15j
   4.03187700e-16-9.30136323e-16j -2.10808523e-16+7.82827008e-16j
   3.33066907e-16-9.35673899e-17j -6.09293041e-16-5.36177876e-16j
   2.60907180e-16+6.04032488e-16j  3.97735289e-16-3.91723397e-16j
  -6.20478477e-02-2.21926901e-02j  1.13532878e-02-2.54281345e-01j
  -1.74509692e-01-2.65142122e-01j  1.74549423e-01+4.33405838e-01j
   1.50626473e-01+1.16135245e-02j  3.27831792e-01-2.44693526e-01j
   4.38255454e-02+1.91558422e-01j  2.93492711e-02+1.19318861e-01j]
 [ 4.96828839e-16-1.14957397e-15j  3.42083644e-17-8.52815969e-16j
   7.06281981e-16+2.10922269e-16j  1.22462643e-16+6.34562181e-17j
  -5.75257935e-16+3.44909664e-16j -4.44089210e-16+5.05223446e-17j
  -6.90180240e-16+8.62725300e-17j  3.23701361e-16+1.90261938e-16j
   1.63270304e-01-2.20122806e-01j -1.18766759e-01-9.05790970e-02j
  -9.32253412e-02+4.43899125e-02j -1.25895310e-01-7.00196707e-03j
   3.27831792e-01-2.44693526e-01j  3.06656578e-01-2.82025332e-02j
  -3.00771599e-01+7.29669544e-02j -1.81565025e-01-1.39243442e-02j]
 [-2.93140807e-16+2.88725540e-17j  7.62417423e-16-2.16693813e-16j
  -3.43984931e-17-9.70850502e-16j  9.96468412e-16+3.76054241e-16j
   4.02594998e-16-6.82192951e-16j -7.69717460e-16-1.88552744e-16j
  -1.77635684e-15-1.92731357e-16j  2.90513311e-16-8.08815469e-17j
  -1.08156787e-01-2.56072282e-01j -3.71909250e-02-2.04161332e-01j
  -3.04629632e-02+3.57389605e-01j -5.53969009e-02-1.69213897e-01j
   4.38255454e-02+1.91558422e-01j -3.00771599e-01+7.29669544e-02j
  -3.27382305e-01+3.54908598e-01j -1.83401471e-01+2.25376751e-01j]
 [-3.16189236e-16-1.38332791e-16j -6.20521375e-16-4.42664930e-16j
  -1.23214993e-15-1.83389757e-15j -5.21712239e-16-5.21712239e-16j
   2.21332465e-16+3.00379774e-16j  2.84570312e-16-4.07093641e-16j
   2.52951389e-16+1.48213704e-17j  5.55111512e-16-1.37344699e-16j
  -2.18420933e-01+3.26553315e-01j -1.81528136e-02-1.11864324e-01j
  -2.58306633e-01-5.38860472e-02j  5.41810240e-02+2.35046613e-01j
   2.93492711e-02+1.19318861e-01j -1.81565025e-01-1.39243442e-02j
  -1.83401471e-01+2.25376751e-01j  3.52568087e-02+3.84152692e-02j]], gamma = [ 0.78800365-0.61890867j  1.27620704+1.0298285j  -0.15457319-0.35869948j
 -1.23145591+0.15093176j  0.53636167+0.84909913j -0.67279681+0.73350317j
  0.34904365+0.45903996j  0.89442241-1.26809017j  0.78800365+0.61890867j
  1.27620704-1.0298285j  -0.15457319+0.35869948j -1.23145591-0.15093176j
  0.53636167-0.84909913j -0.67279681-0.73350317j  0.34904365-0.45903996j
  0.89442241+1.26809017j]
INFO 2022-02-11 10:55:19,689 lhaf_exact = (260.4396595080548-6.468781066359952e-10j), prob_exact = 8.137179001859931e-08, exact_time = 0.19208312034606934
INFO 2022-02-11 10:55:25,177 lhaf_k for k=N is (260.43965935951564-9.828346369292885e-08j), prob_k = 8.137178997218974e-08
INFO 2022-02-11 10:55:25,177 For k = 0, lhaf_k_approx=(0.45179982732500457-9.992007221626409e-16j), prob_k_approx = 1.411603776052114e-10, time = 0.0
INFO 2022-02-11 10:55:25,228 For k = 1, lhaf_k_approx=(-0.1461027741067356+1.1275702593849246e-15j), prob_k_approx = -4.5648363533436625e-11, time = 0.041387081146240234
INFO 2022-02-11 10:55:28,577 For k = 2, lhaf_k_approx=(3.9461605338216597+1.91027749174566e-13j), prob_k_approx = 1.2329387426798138e-09, time = 3.3486859798431396
INFO 2022-02-11 10:57:46,807 For k = 3, lhaf_k_approx=(1.9515447033073767+4.33933444732304e-12j), prob_k_approx = 6.097407979621714e-10, time = 138.22279262542725
INFO 2022-02-11 10:57:46,812 
INFO 2022-02-11 10:57:46,812 Number of coherent states = 3
INFO 2022-02-11 10:57:46,822 mu = [ 1.93662157  4.24837244  1.31470245 -0.76192621  1.61640729 -0.78028873
  1.75963205  3.05867688  0.8137484  -0.75591571  2.84663496  0.19830526
 -2.25720528 -1.59562625 -1.35681819  1.45265868]
INFO 2022-02-11 10:57:46,826 cov = [[11.79986053 -5.0448063   4.29870038  1.70488384 -1.26275856  3.27352525
  -1.84145963 -4.39903322  2.08246023  1.40474257  1.27419939 -0.349145
  -0.06980955 -1.89149545 -3.38704219  3.78163634]
 [-5.0448063   3.70074716 -2.49670115 -2.66955198 -0.52241085 -1.10486093
  -0.55218564  1.63841251 -0.43140153  1.56588852 -0.5948901   0.55050973
  -1.37664116  0.60626765 -0.47400911 -2.875435  ]
 [ 4.29870038 -2.49670115  8.16475761  0.35727522 -0.83720778 -0.20714041
   0.54822652 -0.63707424  3.58384466  1.28465409 -1.61991385 -0.26845643
  -2.37864993  2.09333633  6.46134889  3.28188527]
 [ 1.70488384 -2.66955198  0.35727522  8.94634128  3.49327633 -2.62689595
   0.59072326  2.69865219  2.21734578 -3.59217722 -1.61341814 -0.22751546
   5.84998336 -2.79468296 -1.05594117  2.79838953]
 [-1.26275856 -0.52241085 -0.83720778  3.49327633 10.17437411  5.65496242
  -1.40801347  2.12621338 -0.94096213 -5.04961151 -3.77581996  3.91434615
  -0.1917096  -1.91678244  1.8249992  -0.0756471 ]
 [ 3.27352525 -1.10486093 -0.20714041 -2.62689595  5.65496242 10.95881068
  -2.26794066 -3.4307535  -3.7579382  -2.2345403   0.07109914  2.69491253
  -4.43752759 -0.42139902 -0.41811716 -0.60894596]
 [-1.84145963 -0.55218564  0.54822652  0.59072326 -1.40801347 -2.26794066
   5.76429164 -1.08973201 -3.48647178 -3.77544474  3.89613295 -3.28188255
   1.90882746  1.76636142  3.79251851  2.00557186]
 [-4.39903322  1.63841251 -0.63707424  2.69865219  2.12621338 -3.4307535
  -1.08973201  5.49157222  3.11844597 -0.03567668 -3.55521196  1.578412
   1.5472941  -0.5773743   1.59046751 -1.03953293]
 [ 2.08246023 -0.43140153  3.58384466  2.21734578 -0.94096213 -3.7579382
  -3.48647178  3.11844597  7.51494839  4.65937783 -4.68620036  1.40863544
   0.2863173  -0.84798115  0.56534353  0.89786125]
 [ 1.40474257  1.56588852  1.28465409 -3.59217722 -5.04961151 -2.2345403
  -3.77544474 -0.03567668  4.65937783  8.2656741  -1.58843904  0.92559195
  -2.6036471   0.54213075 -2.24583253 -1.82284188]
 [ 1.27419939 -0.5948901  -1.61991385 -1.61341814 -3.77581996  0.07109914
   3.89613295 -3.55521196 -4.68620036 -1.58843904  6.17333061 -3.37026243
   1.12550046  0.74909275 -1.62099563  0.84539964]
 [-0.349145    0.55050973 -0.26845643 -0.22751546  3.91434615  2.69491253
  -3.28188255  1.578412    1.40863544  0.92559195 -3.37026243  3.69002455
  -2.05589954 -0.69712803 -0.28170626 -1.57066793]
 [-0.06980955 -1.37664116 -2.37864993  5.84998336 -0.1917096  -4.43752759
   1.90882746  1.5472941   0.2863173  -2.6036471   1.12550046 -2.05589954
   6.54122085 -2.55023677 -2.83355085  1.32204942]
 [-1.89149545  0.60626765  2.09333633 -2.79468296 -1.91678244 -0.42139902
   1.76636142 -0.5773743  -0.84798115  0.54213075  0.74909275 -0.69712803
  -2.55023677  3.19303304  4.42891087  0.33808767]
 [-3.38704219 -0.47400911  6.46134889 -1.05594117  1.8249992  -0.41811716
   3.79251851  1.59046751  0.56534353 -2.24583253 -1.62099563 -0.28170626
  -2.83355085  4.42891087 12.67883031  2.40187004]
 [ 3.78163634 -2.875435    3.28188527  2.79838953 -0.0756471  -0.60894596
   2.00557186 -1.03953293  0.89786125 -1.82284188  0.84539964 -1.57066793
   1.32204942  0.33808767  2.40187004  4.15718535]]
INFO 2022-02-11 10:57:46,826 A=[[ 1.76748425e-01-1.71798885e-01j -4.00288081e-01-4.01493635e-02j
   3.70618346e-01-2.00389554e-01j  1.22199558e-02-7.70614500e-02j
  -6.38978603e-02+4.16933408e-02j  1.70008098e-01+2.33033599e-01j
  -9.92782706e-02+2.83525712e-01j -2.18491703e-01-2.84621630e-01j
   0.00000000e+00+1.66533454e-16j -1.75336662e-30+6.10622664e-16j
  -1.11022302e-16+4.44089210e-16j  5.55111512e-16+1.11022302e-16j
  -5.55111512e-17-1.05471187e-15j -2.74252424e-31-1.49880108e-15j
  -3.33066907e-16+4.44089210e-16j  2.22044605e-16-3.88578059e-16j]
 [-4.00288081e-01-4.01493635e-02j -1.88298760e-01-1.29182732e-01j
  -3.74649216e-02-2.84520883e-02j -1.48296162e-01+1.25465802e-01j
   8.58489550e-02+2.65076622e-01j -6.79367919e-02+6.71646504e-02j
   6.98612738e-02+1.75285805e-01j  1.42773350e-01+1.20080502e-01j
   1.80411242e-16-1.66533454e-16j -8.88178420e-16-4.58371327e-31j
  -4.44089210e-16+4.44089210e-16j -5.55111512e-17+4.44089210e-16j
  -3.33066907e-16-7.77156117e-16j  1.94289029e-16-7.77156117e-16j
  -3.33066907e-16+1.11022302e-16j -7.77156117e-16+5.55111512e-16j]
 [ 3.70618346e-01-2.00389554e-01j -3.74649216e-02-2.84520883e-02j
   8.21444116e-02+1.33639716e-01j  1.53757274e-01+7.76254812e-02j
  -8.09597905e-02+2.53865849e-01j -3.94436803e-02-8.92808412e-02j
   8.94782869e-02-4.27235970e-01j -6.11505941e-02+1.12744578e-02j
   1.89819655e-30-4.44089210e-16j -4.44089210e-16-4.99600361e-16j
   0.00000000e+00+3.08148791e-32j -5.55111512e-16+3.33066907e-16j
   5.55111512e-16+4.44089210e-16j  5.27355937e-16+3.33066907e-16j
   6.66133815e-16-7.77156117e-16j -1.12782458e-30+2.22044605e-16j]
 [ 1.22199558e-02-7.70614500e-02j -1.48296162e-01+1.25465802e-01j
   1.53757274e-01+7.76254812e-02j  2.16817911e-01+1.87695795e-02j
   2.28898064e-01-4.02769019e-01j -7.96010348e-02+4.11543247e-03j
   3.59868624e-02+1.78930975e-01j  1.76105269e-01-1.80538772e-01j
   6.66133815e-16-4.44089210e-16j -1.54074396e-32-2.22044605e-16j
  -6.66133815e-16-1.66533454e-16j  8.88178420e-16+2.15704154e-31j
   9.99200722e-16+6.66133815e-16j -4.44089210e-16+2.05381169e-30j
  -1.11022302e-16+8.88178420e-16j  7.58046026e-31-6.16297582e-31j]
 [-6.38978603e-02+4.16933408e-02j  8.58489550e-02+2.65076622e-01j
  -8.09597905e-02+2.53865849e-01j  2.28898064e-01-4.02769019e-01j
   1.49864010e-01+1.58156659e-02j  3.38456422e-01+2.62109058e-01j
   5.88020194e-02-1.54016689e-01j  3.31709748e-02-6.07039954e-02j
   5.53512266e-31+9.71445147e-16j -3.33066907e-16+4.44089210e-16j
   4.99600361e-16-3.33066907e-16j  8.88178420e-16-6.66133815e-16j
  -8.88178420e-16-1.38777878e-17j -7.77156117e-16-1.11022302e-16j
  -2.22044605e-16-1.05471187e-15j  3.33066907e-16+7.21644966e-16j]
 [ 1.70008098e-01+2.33033599e-01j -6.79367919e-02+6.71646504e-02j
  -3.94436803e-02-8.92808412e-02j -7.96010348e-02+4.11543247e-03j
   3.38456422e-01+2.62109058e-01j  3.20330713e-01+3.47645932e-02j
  -2.76238559e-01-5.56137536e-02j -1.55461003e-01+4.89345475e-02j
   1.11022302e-16+1.49880108e-15j  1.38777878e-16+8.88178420e-16j
   3.60822483e-16-1.11022302e-16j -3.33066907e-16-4.44089210e-16j
  -7.77156117e-16+2.22044605e-16j -1.77635684e-15+2.22044605e-16j
   1.11022302e-16-6.66133815e-16j  4.44089210e-16-5.55111512e-17j]
 [-9.92782706e-02+2.83525712e-01j  6.98612738e-02+1.75285805e-01j
   8.94782869e-02-4.27235970e-01j  3.59868624e-02+1.78930975e-01j
   5.88020194e-02-1.54016689e-01j -2.76238559e-01-5.56137536e-02j
  -2.85217941e-01-3.12875340e-01j -1.44025161e-01-1.48333098e-01j
  -4.44089210e-16-4.44089210e-16j -2.22044605e-16-2.22044605e-16j
   7.77156117e-16+7.77156117e-16j -1.66533454e-16-8.88178420e-16j
  -2.22044605e-16+9.99200722e-16j  1.11022302e-16+6.66133815e-16j
   1.77635684e-15+1.11022302e-16j  5.55111512e-17+6.10622664e-16j]
 [-2.18491703e-01-2.84621630e-01j  1.42773350e-01+1.20080502e-01j
  -6.11505941e-02+1.12744578e-02j  1.76105269e-01-1.80538772e-01j
   3.31709748e-02-6.07039954e-02j -1.55461003e-01+4.89345475e-02j
  -1.44025161e-01-1.48333098e-01j  5.50421497e-02+8.57594285e-02j
  -1.11022302e-16+3.33066907e-16j -7.77156117e-16-6.66133815e-16j
   5.55111512e-17-2.22044605e-16j -1.11022302e-16+1.16788392e-30j
   4.44089210e-16-7.21644966e-16j  4.44089210e-16-5.55111512e-17j
   1.66533454e-16-3.88578059e-16j  0.00000000e+00-2.22044605e-16j]
 [-2.22044605e-16-9.22567861e-17j -1.30217333e-17-2.60434665e-16j
  -2.12125553e-16-5.08089323e-16j  6.37209397e-16-3.04747952e-16j
  -1.65245873e-16+1.13154737e-15j  1.18543367e-16+1.64315419e-15j
  -4.37066475e-16-4.17376285e-16j  3.70737707e-17+2.83694055e-16j
   1.76748425e-01+1.71798885e-01j -4.00288081e-01+4.01493635e-02j
   3.70618346e-01+2.00389554e-01j  1.22199558e-02+7.70614500e-02j
  -6.38978603e-02-4.16933408e-02j  1.70008098e-01-2.33033599e-01j
  -9.92782706e-02-2.83525712e-01j -2.18491703e-01+2.84621630e-01j]
 [ 2.10356282e-17+4.80888445e-16j -6.66133815e-16-7.89690795e-18j
  -4.82660937e-16-4.50483541e-16j  2.15659007e-17-1.41186348e-16j
  -3.12625487e-16+7.66636655e-16j  1.04152108e-16+9.13730764e-16j
  -4.63462530e-16-6.08606435e-16j -6.56834534e-16-4.97265600e-16j
  -4.00288081e-01+4.01493635e-02j -1.88298760e-01+1.29182732e-01j
  -3.74649216e-02+2.84520883e-02j -1.48296162e-01-1.25465802e-01j
   8.58489550e-02-2.65076622e-01j -6.79367919e-02-6.71646504e-02j
   6.98612738e-02-1.75285805e-01j  1.42773350e-01-1.20080502e-01j]
 [-2.25779158e-16+4.48317277e-16j -4.45991858e-16+3.80743266e-16j
   8.88178420e-16+8.27557807e-17j -5.13373316e-16-3.01984303e-16j
   4.56435032e-16-4.82657120e-16j  4.25131772e-16-3.44009163e-16j
   9.44416548e-16+7.38631037e-16j  2.61569886e-17-2.44788289e-16j
   3.70618346e-01+2.00389554e-01j -3.74649216e-02+2.84520883e-02j
   8.21444116e-02-1.33639716e-01j  1.53757274e-01-7.76254812e-02j
  -8.09597905e-02-2.53865849e-01j -3.94436803e-02+8.92808412e-02j
   8.94782869e-02+4.27235970e-01j -6.11505941e-02-1.12744578e-02j]
 [ 5.88430039e-16+2.99118603e-16j  9.80716731e-17+4.51129696e-16j
  -5.29587035e-16+8.82645058e-17j  6.66133815e-16+3.92286692e-17j
   9.80716731e-16-6.27658708e-16j -1.56914677e-16+2.50082766e-16j
  -7.84573385e-17-7.45344716e-16j -1.96143346e-17+0.00000000e+00j
   1.22199558e-02+7.70614500e-02j -1.48296162e-01-1.25465802e-01j
   1.53757274e-01-7.76254812e-02j  2.16817911e-01-1.87695795e-02j
   2.28898064e-01+4.02769019e-01j -7.96010348e-02-4.11543247e-03j
   3.59868624e-02-1.78930975e-01j  1.76105269e-01+1.80538772e-01j]
 [ 1.59426026e-17-1.04626294e-15j -3.80639884e-16-6.65280027e-16j
   6.02101433e-16+3.91215993e-16j  8.48722571e-16+6.64966906e-16j
  -8.88178420e-16-1.53112500e-17j -7.76799057e-16+1.94199764e-16j
  -4.90467877e-18+9.02911472e-16j  4.06699170e-16-5.27901655e-16j
  -6.38978603e-02-4.16933408e-02j  8.58489550e-02-2.65076622e-01j
  -8.09597905e-02-2.53865849e-01j  2.28898064e-01+4.02769019e-01j
   1.49864010e-01-1.58156659e-02j  3.38456422e-01-2.62109058e-01j
   5.88020194e-02+1.54016689e-01j  3.31709748e-02+6.07039954e-02j]
 [ 1.28721759e-16-1.58025170e-15j  5.07592258e-17-9.75460734e-16j
   3.87529996e-16+1.96260099e-16j -2.30558146e-16+1.01656705e-16j
  -1.06047312e-15-9.47771162e-17j -8.88178420e-16+1.25621719e-16j
   2.87363752e-16+8.14197297e-16j  5.14963589e-16-7.56460982e-17j
   1.70008098e-01-2.33033599e-01j -6.79367919e-02-6.71646504e-02j
  -3.94436803e-02+8.92808412e-02j -7.96010348e-02-4.11543247e-03j
   3.38456422e-01-2.62109058e-01j  3.20330713e-01-3.47645932e-02j
  -2.76238559e-01+5.56137536e-02j -1.55461003e-01-4.89345475e-02j]
 [-4.72019777e-16+2.43850991e-16j -3.79968581e-16+3.35747371e-16j
   8.25009872e-16-7.84945935e-16j -2.21485994e-16+7.49345933e-16j
   2.76890421e-18-7.16452742e-16j  3.32420610e-16-6.94407218e-16j
   9.99200722e-16+1.42722579e-16j  9.67926380e-17-3.91570218e-16j
  -9.92782706e-02-2.83525712e-01j  6.98612738e-02-1.75285805e-01j
   8.94782869e-02+4.27235970e-01j  3.59868624e-02-1.78930975e-01j
   5.88020194e-02+1.54016689e-01j -2.76238559e-01+5.56137536e-02j
  -2.85217941e-01+3.12875340e-01j -1.44025161e-01+1.48333098e-01j]
 [ 2.84978811e-16-3.22975986e-16j -6.74449853e-16+4.36967511e-16j
   7.36195263e-17+3.79971748e-16j -8.54936434e-17+6.64950560e-17j
   6.83949147e-16+5.41459741e-16j  6.26953385e-16-1.44864229e-16j
   6.64950560e-17+4.41717158e-16j -4.44089210e-16+5.93705857e-18j
  -2.18491703e-01+2.84621630e-01j  1.42773350e-01-1.20080502e-01j
  -6.11505941e-02-1.12744578e-02j  1.76105269e-01+1.80538772e-01j
   3.31709748e-02+6.07039954e-02j -1.55461003e-01-4.89345475e-02j
  -1.44025161e-01+1.48333098e-01j  5.50421497e-02-8.57594285e-02j]], gamma = [ 0.96831079-0.4068742j   2.12418622+0.37795786j  0.65735122-1.42331748j
 -0.3809631 -0.09915263j  0.80820365+1.12860264j -0.39014436+0.79781312j
  0.87981603+0.67840909j  1.52933844-0.72632934j  0.96831079+0.4068742j
  2.12418622-0.37795786j  0.65735122+1.42331748j -0.3809631 +0.09915263j
  0.80820365-1.12860264j -0.39014436-0.79781312j  0.87981603-0.67840909j
  1.52933844+0.72632934j]
INFO 2022-02-11 10:57:47,022 lhaf_exact = (22140.043856914333-3.410605131648481e-10j), prob_exact = 1.0779350718956054e-07, exact_time = 0.18542098999023438
INFO 2022-02-11 10:57:52,502 lhaf_k for k=N is (22140.043858436868-4.584116392600153e-07j), prob_k = 1.0779350719697331e-07
INFO 2022-02-11 10:57:52,502 For k = 0, lhaf_k_approx=(5804.491215752918+5.002220859751105e-12j), prob_k_approx = 2.826039865325747e-08, time = 0.0
INFO 2022-02-11 10:57:52,546 For k = 1, lhaf_k_approx=(3287.3180323325505+2.9331204132176936e-11j), prob_k_approx = 1.600500623407513e-08, time = 0.03435468673706055
INFO 2022-02-11 10:57:55,927 For k = 2, lhaf_k_approx=(1199.2417137167006+4.325357849666034e-10j), prob_k_approx = 5.838763063207343e-09, time = 3.380812644958496
INFO 2022-02-11 11:00:15,156 For k = 3, lhaf_k_approx=(11796.129849429144+3.2347831080414835e-09j), prob_k_approx = 5.743196427031134e-08, time = 139.2267770767212
INFO 2022-02-11 11:00:15,166 
INFO 2022-02-11 11:00:15,166 Number of coherent states = 4
INFO 2022-02-11 11:00:15,176 mu = [ 0.8853855   2.76957798  2.42401963 -1.90647317  3.4067082  -0.81199108
  1.81072972  3.28481959  2.34942406 -0.9322208   3.96509401 -0.88926588
 -1.83214503  0.14150562 -3.06924314  1.00130963]
INFO 2022-02-11 11:00:15,176 cov = [[ 9.38327736 -4.68807438  2.44571192  3.50996448 -2.03482309  0.48254563
   0.90884053 -3.68467144  0.31640062 -0.96377447  3.00205135 -2.13516235
   2.7871423  -2.02857605 -3.22000721  4.16755059]
 [-4.68807438  3.77133539 -2.36764073 -2.79045495 -0.56881279 -0.78204789
  -0.87179138  1.53934174 -0.34448066  1.85110741 -0.87762193  0.83758948
  -1.73669863  0.49097607 -0.36402009 -2.88569576]
 [ 2.44571192 -2.36764073  6.91327893  1.57074683 -1.24121901 -2.24266207
   2.55583555 -0.09679692  2.43337597 -0.45596643 -0.26259641 -1.66540565
  -0.26029923  2.1470937   6.43159238  3.52304542]
 [ 3.50996448 -2.79045495  1.57074683  7.76993654  3.88056938 -0.64748978
  -1.36160136  2.17259302  3.33127263 -1.89907892 -2.93672526  1.134233
   3.7888138  -2.8523514  -1.02168751  2.5652913 ]
 [-2.03482309 -0.56881279 -1.24121901  3.88056938 10.13638996  4.87933456
  -0.64174167  2.34613748 -1.27906571 -5.72249837 -3.18779174  3.31324993
   0.64078634 -1.78422762  1.70316042 -0.01312912]
 [ 0.48254563 -0.78204789 -2.24266207 -0.64748978  4.87933456  7.79996853
   0.84594417 -2.61033536 -5.67185557 -4.92339228  2.08666618  0.61523568
  -1.18258822 -0.48164526 -0.32263844 -0.1970417 ]
 [ 0.90884053 -0.87179138  2.55583555 -1.36160136 -0.64174167  0.84594417
   2.69474286 -1.89826983 -1.59833847 -1.12500082  1.91027974 -1.23280244
  -1.29941967  1.82737658  3.69679509  1.59910361]
 [-3.68467144  1.53934174 -0.09679692  2.17259302  2.34613748 -2.61033536
  -1.89826983  5.2807315   3.6315088   0.66114066 -4.06741193  2.10758667
   0.70594971 -0.54387008  1.54806292 -1.15119373]
 [ 0.31640062 -0.34448066  2.43337597  3.33127263 -1.27906571 -5.67185557
  -1.59833847  3.6315088   6.46933169  3.01927503 -3.3844574   0.07036086
   2.28723116 -0.75706571  0.49756086  1.11403284]
 [-0.96377447  1.85110741 -0.45596643 -1.89907892 -5.72249837 -4.92339228
  -1.12500082  0.66114066  3.01927503  5.97793596  0.11950747 -0.83714779
   0.16424117  0.47861198 -2.15249485 -1.46901574]
 [ 3.00205135 -0.87762193 -0.26259641 -2.93672526 -3.18779174  2.08666618
   1.91027974 -4.06741193 -3.3844574   0.11950747  4.94413178 -2.09852397
  -0.93106155  0.87753093 -1.77065341  0.55898598]
 [-2.13516235  0.83758948 -1.66540565  1.134233    3.31324993  0.61523568
  -1.23280244  2.10758667  0.07036086 -0.83714779 -2.09852397  2.37449219
   0.06730608 -0.82420503 -0.1326584  -1.2765718 ]
 [ 2.7871423  -1.73669863 -0.26029923  3.7888138   0.64078634 -1.18258822
  -1.29941967  0.70594971  2.28723116  0.16424117 -0.93106155  0.06730608
   3.19452176 -2.45600226 -2.96363905  0.88918598]
 [-2.02857605  0.49097607  2.1470937  -2.8523514  -1.78422762 -0.48164526
   1.82737658 -0.54387008 -0.75706571  0.47861198  0.87753093 -0.82420503
  -2.45600226  3.33428641  4.29032515  0.30861813]
 [-3.22000721 -0.36402009  6.43159238 -1.02168751  1.70316042 -0.32263844
   3.69679509  1.54806292  0.49756086 -2.15249485 -1.77065341 -0.1326584
  -2.96363905  4.29032515 12.81438338  2.42622227]
 [ 4.16755059 -2.88569576  3.52304542  2.5652913  -0.01312912 -0.1970417
   1.59910361 -1.15119373  1.11403284 -1.46901574  0.55898598 -1.2765718
   0.88918598  0.30861813  2.42622227  4.11325767]]
INFO 2022-02-11 11:00:15,186 A=[[ 1.20197402e-01-2.61024310e-02j -3.17920606e-01+5.39642416e-02j
   2.40488768e-01-2.24206048e-01j  1.41880277e-01-4.93383763e-02j
  -1.78280500e-01-6.22066806e-02j  5.11327520e-02+3.17635254e-01j
   1.69648831e-02+1.98752035e-01j -1.97941847e-01-3.21703553e-01j
   4.44089210e-16+5.55111512e-17j -3.88578059e-16-2.22044605e-16j
   3.33066907e-16-1.11022302e-16j  1.11022302e-15+4.44089210e-16j
   4.16333634e-16+2.22044605e-16j -5.55111512e-17-4.44089210e-16j
  -2.77555756e-16-8.32667268e-16j  4.94578810e-31+4.99600361e-16j]
 [-3.17920606e-01+5.39642416e-02j -9.10201099e-02-1.52712731e-01j
  -1.02592425e-01+5.50092121e-02j -8.05720054e-02+4.37853984e-02j
  -3.02377571e-02+3.07684563e-01j -5.20009836e-02+1.82832823e-01j
   5.28277621e-02+6.14206527e-02j  1.24091796e-01+9.17607167e-02j
  -4.99600361e-16+5.55111512e-17j -6.66133815e-16+1.38777878e-17j
  -4.44089210e-16+2.08166817e-16j  1.03114289e-30-1.11022302e-16j
  -3.33066907e-16-1.22124533e-15j -4.30211422e-16-4.44089210e-16j
   1.11022302e-16+2.77555756e-17j  2.77555756e-16-4.44089210e-16j]
 [ 2.40488768e-01-2.24206048e-01j -1.02592425e-01+5.50092121e-02j
   8.12253892e-02+2.16636890e-02j  1.51353823e-01+1.89833387e-01j
  -1.27936910e-02+1.42230372e-01j -1.28704902e-01-1.74638444e-01j
   1.78463427e-01-3.44094046e-01j -2.70504017e-02+2.24545847e-02j
   3.33066907e-16+4.04445288e-31j -4.44089210e-16-2.63677968e-16j
  -8.88178420e-16-1.11022302e-16j -1.11022302e-16-3.33066907e-16j
  -1.11022302e-16-4.44089210e-16j -5.55111512e-17+1.11022302e-16j
   5.55111512e-16+4.44089210e-16j  9.71445147e-17-4.34489795e-31j]
 [ 1.41880277e-01-4.93383763e-02j -8.05720054e-02+4.37853984e-02j
   1.51353823e-01+1.89833387e-01j  2.22556789e-01-9.35719979e-02j
   1.57293372e-01-2.92953165e-01j  7.28933053e-03+9.22788302e-02j
  -5.06926924e-02+9.29954998e-02j  1.42274667e-01-1.92751634e-01j
   9.99200722e-16-4.44089210e-16j  2.22044605e-16+2.22044605e-16j
  -1.11022302e-16+3.88578059e-16j  4.44089210e-16+5.55111512e-17j
   3.33066907e-16+5.55111512e-16j -2.22044605e-16-2.22044605e-16j
   8.61275871e-31-6.66133815e-16j -1.94289029e-16+1.11022302e-16j]
 [-1.78280500e-01-6.22066806e-02j -3.02377571e-02+3.07684563e-01j
  -1.27936910e-02+1.42230372e-01j  1.57293372e-01-2.92953165e-01j
   2.86345257e-01-5.28636169e-02j  3.02575451e-01+1.22378244e-01j
   9.57759905e-02-1.66539100e-02j  6.00978210e-02-2.85781702e-02j
   3.60822483e-16+1.11395788e-30j -3.33066907e-16+1.11022302e-15j
  -1.11022302e-16+4.44089210e-16j  3.33066907e-16-3.88578059e-16j
  -8.88178420e-16-3.79023013e-31j -8.88178420e-16+8.45868432e-31j
   1.31964720e-30-6.66133815e-16j -1.11022302e-16+3.88578059e-16j]
 [ 5.11327520e-02+3.17635254e-01j -5.20009836e-02+1.82832823e-01j
  -1.28704902e-01-1.74638444e-01j  7.28933053e-03+9.22788302e-02j
   3.02575451e-01+1.22378244e-01j  1.84205009e-01+3.97347895e-02j
  -1.42077338e-01-6.20689731e-02j -1.20403969e-01+3.05618844e-02j
  -1.38777878e-16+4.44089210e-16j -4.16333634e-16+4.44089210e-16j
  -1.66533454e-16+9.97824304e-31j -2.22044605e-16+1.11022302e-16j
  -1.11022302e-15-2.22044605e-16j  0.00000000e+00-5.55111512e-17j
   6.66133815e-16-6.66133815e-16j -2.22044605e-16-6.93889390e-17j]
 [ 1.69648831e-02+1.98752035e-01j  5.28277621e-02+6.14206527e-02j
   1.78463427e-01-3.44094046e-01j -5.06926924e-02+9.29954998e-02j
   9.57759905e-02-1.66539100e-02j -1.42077338e-01-6.20689731e-02j
  -4.17425250e-01-3.04978346e-01j -1.78381059e-01-1.29817534e-01j
  -2.22044605e-16+2.77555756e-16j  1.11022302e-16+2.77555756e-17j
   3.60822483e-16-2.22044605e-16j -1.11022302e-16+5.68989300e-16j
   7.73453466e-31+8.88178420e-16j  4.44089210e-16+6.66133815e-16j
   1.33226763e-15-1.66533454e-16j  5.55111512e-17+1.66533454e-16j]
 [-1.97941847e-01-3.21703553e-01j  1.24091796e-01+9.17607167e-02j
  -2.70504017e-02+2.24545847e-02j  1.42274667e-01-1.92751634e-01j
   6.00978210e-02-2.85781702e-02j -1.20403969e-01+3.05618844e-02j
  -1.78381059e-01-1.29817534e-01j  4.81571510e-02+9.49712255e-02j
   4.64534303e-31-6.66133815e-16j  3.33066907e-16+5.55111512e-16j
  -1.38777878e-17-2.22044605e-16j -3.05311332e-16-5.55111512e-17j
  -1.11022302e-16-4.71844785e-16j -2.22044605e-16-1.38777878e-17j
   1.11022302e-16-2.08166817e-16j  4.44089210e-16+3.85185989e-33j]
 [ 4.44089210e-16+7.35258462e-17j -5.47256851e-16+3.10941393e-17j
   2.04052584e-16+8.56265729e-17j  1.09101725e-15-1.20709369e-16j
   3.22496899e-16+2.60828378e-17j -7.25991903e-17+7.70132485e-16j
  -2.37115393e-16+6.90136387e-16j -7.66133639e-17-4.22690624e-16j
   1.20197402e-01+2.61024310e-02j -3.17920606e-01-5.39642416e-02j
   2.40488768e-01+2.24206048e-01j  1.41880277e-01+4.93383763e-02j
  -1.78280500e-01+6.22066806e-02j  5.11327520e-02-3.17635254e-01j
   1.69648831e-02-1.98752035e-01j -1.97941847e-01+3.21703553e-01j]
 [-4.76587513e-16-1.17100064e-16j -4.44089210e-16+2.95768051e-17j
  -5.75652969e-16-9.59421615e-17j  4.13831776e-17+1.44470799e-16j
  -3.46357927e-16+1.08575109e-15j -4.35752087e-16+7.13082052e-16j
   1.20540321e-16-9.49991933e-17j  2.83770836e-16+4.96486277e-16j
  -3.17920606e-01-5.39642416e-02j -9.10201099e-02+1.52712731e-01j
  -1.02592425e-01-5.50092121e-02j -8.05720054e-02-4.37853984e-02j
  -3.02377571e-02-3.07684563e-01j -5.20009836e-02-1.82832823e-01j
   5.28277621e-02-6.14206527e-02j  1.24091796e-01-9.17607167e-02j]
 [ 2.49579438e-16-5.39551932e-17j -5.90236251e-16+6.49298136e-17j
  -8.88178420e-16-2.73393500e-17j -3.33485669e-17+3.33485669e-16j
  -1.50141042e-16+7.25620377e-16j -1.52841769e-16+6.06832279e-17j
   3.11791655e-16-3.06343203e-16j -6.52131494e-18-1.38511686e-16j
   2.40488768e-01+2.24206048e-01j -1.02592425e-01-5.50092121e-02j
   8.12253892e-02-2.16636890e-02j  1.51353823e-01-1.89833387e-01j
  -1.27936910e-02-1.42230372e-01j -1.28704902e-01+1.74638444e-01j
   1.78463427e-01+3.44094046e-01j -2.70504017e-02-2.24545847e-02j]
 [ 1.01708525e-15+1.64932744e-16j  5.49775813e-17-1.92421535e-16j
  -1.37443953e-16-4.53565046e-16j  8.88178420e-16-2.92068401e-17j
   3.84843069e-16-3.57354278e-16j -3.84843069e-16+1.23699558e-16j
  -3.29865488e-16+5.63520208e-16j -3.29865488e-16+2.74887906e-17j
   1.41880277e-01+4.93383763e-02j -8.05720054e-02-4.37853984e-02j
   1.51353823e-01-1.89833387e-01j  2.22556789e-01+9.35719979e-02j
   1.57293372e-01+2.92953165e-01j  7.28933053e-03-9.22788302e-02j
  -5.06926924e-02-9.29954998e-02j  1.42274667e-01+1.92751634e-01j]
 [ 4.18575603e-16+1.25489537e-17j -2.81086461e-16-1.19117746e-15j
  -3.20508962e-17-8.38578373e-16j  2.78545464e-16+5.04308481e-16j
  -6.66133815e-16-3.98096652e-18j -8.74029647e-16-1.32428734e-16j
  -1.82940444e-16+6.33823377e-16j -2.99078932e-16-3.76125138e-16j
  -1.78280500e-01+6.22066806e-02j -3.02377571e-02-3.07684563e-01j
  -1.27936910e-02-1.42230372e-01j  1.57293372e-01+2.92953165e-01j
   2.86345257e-01+5.28636169e-02j  3.02575451e-01-1.22378244e-01j
   9.57759905e-02+1.66539100e-02j  6.00978210e-02+2.85781702e-02j]
 [-1.73844707e-17-6.23707464e-16j -4.31670526e-16-6.30510851e-16j
  -1.57582244e-16+1.54193051e-16j -2.64972952e-16+3.41788183e-17j
  -9.46988983e-16-1.88708088e-17j  0.00000000e+00-4.67416185e-17j
   5.48129626e-16+6.57755551e-16j -1.21828152e-16+5.30215580e-17j
   5.11327520e-02-3.17635254e-01j -5.20009836e-02-1.82832823e-01j
  -1.28704902e-01+1.74638444e-01j  7.28933053e-03-9.22788302e-02j
   3.02575451e-01-1.22378244e-01j  1.84205009e-01-3.97347895e-02j
  -1.42077338e-01+6.20689731e-02j -1.20403969e-01-3.05618844e-02j]
 [-3.45788669e-16-5.56272292e-16j  3.96850042e-17+1.46825899e-16j
   5.47464329e-16+4.46460310e-16j  1.67160897e-16-7.00798526e-16j
   6.11652659e-17-7.25487376e-16j  3.98393844e-16-5.24886644e-16j
   8.88178420e-16-1.23447420e-16j  1.84049870e-16-3.12884778e-16j
   1.69648831e-02-1.98752035e-01j  5.28277621e-02-6.14206527e-02j
