INFO 2022-02-11 19:22:17,865 NumExpr defaulting to 8 threads.
INFO 2022-02-11 19:22:22,215 Trying to find the error between k-approx and exact hafnian calculation. Run for 8 modes, test output pattern is [1, 3, 2, 1, 3, 2, 2, 2], total output photon numbers is 16, cutoff k is 4, hbar = 2
INFO 2022-02-11 19:22:22,215 Squeezing r = 1.55, coherent state alpha = 2.25
INFO 2022-02-11 19:22:22,215 U = [[ 0.31455264-0.19506468j -0.07990825-0.35932859j  0.10103496-0.18151563j
  -0.03438963-0.12525453j  0.036635  -0.02515825j  0.26034662-0.59360592j
   0.370281  -0.01786909j  0.00334895-0.32850383j]
 [ 0.51786874-0.17987849j -0.2639147 -0.12825871j -0.13732666+0.29100213j
  -0.46320159-0.11487453j  0.0777379 +0.11893239j -0.13044864+0.3205225j
   0.21165113+0.03648403j  0.18045502+0.25185471j]
 [-0.09972719-0.27065118j -0.24221903+0.38131697j -0.09437772-0.23219996j
   0.15549779-0.34785946j -0.19086141+0.57107251j  0.06586384+0.00803949j
   0.03032927+0.31538786j  0.17320791-0.0858783j ]
 [-0.11771079+0.08517605j  0.10566452-0.26702578j  0.5939285 -0.0088392j
   0.06268527-0.09926108j  0.17640353+0.37940727j -0.3953452 -0.03999755j
  -0.01782353-0.21553332j  0.38154937+0.06702327j]
 [-0.14646671+0.13913078j -0.19547032-0.0732081j   0.13517234-0.21599442j
  -0.37360477+0.44831475j  0.1274668 +0.16835054j  0.03653864-0.27923523j
  -0.09219851+0.50299151j -0.10775581+0.33633443j]
 [ 0.07714734+0.15503052j -0.09942409-0.03811969j -0.46181074+0.16135927j
  -0.01704071+0.11676261j  0.12107804+0.16423977j  0.10414753-0.34789165j
  -0.5130462 -0.2182109j   0.46406274-0.07582332j]
 [-0.55818232+0.24658148j -0.50607441-0.30425761j -0.07275626+0.31035013j
   0.00777321-0.16471494j -0.06082305-0.13626368j  0.1132052 +0.07782841j
   0.26089979+0.08426556j  0.14502332-0.11314991j]
 [-0.07194704+0.09905248j  0.28245186-0.09212236j -0.13412125-0.11755714j
  -0.37623601+0.27050567j -0.57066411+0.07789627j -0.24002338+0.10066393j
   0.13423704+0.06132976j  0.21543422-0.4272575j ]]
INFO 2022-02-11 19:22:22,215 
INFO 2022-02-11 19:22:22,215 Number of coherent states = 2
INFO 2022-02-11 19:22:22,223 mu = [ 1.05589977  1.14279317 -1.538758   -0.05420822 -1.53871666 -0.1002454
 -4.78915526  0.94727169 -2.4947697  -1.38661742  0.49799608 -0.81832378
  0.29665203  0.52609875 -0.25954261  0.03118553]
INFO 2022-02-11 19:22:22,235 cov = [[11.60040551 -6.72663739  1.88314138  0.25539514  0.5261183   4.16357549
  -1.01892148  1.40997265  3.92579693 -2.15088711  1.87211433  0.29156044
  -0.80923996  2.73653098  2.16208173 -3.31643074]
 [-6.72663739  6.60645277  0.73731188  1.04421392 -1.82750446 -1.85257013
   1.89667638 -2.97295531 -2.96357322 -0.74991735 -0.22832418 -3.33911863
  -1.70354835 -0.21193001 -1.13399409  1.89895522]
 [ 1.88314138  0.73731188 13.78736911  3.83724123  2.60731795 -1.13261165
  -1.23740147  0.6472528  -2.62373238 -6.09479462  3.23326879  2.2120758
  -3.32662554  0.4604599  -1.02507942  3.0353526 ]
 [ 0.25539514  1.04421392  3.83724123  4.71692565 -1.15663988  2.33327177
  -1.37385095 -0.86534937  1.56964237 -1.17391112  1.8888784  -2.23043866
  -2.17522305 -4.2448353   1.50269536  4.10868282]
 [ 0.5261183  -1.82750446  2.60731795 -1.15663988 16.07738212  0.18669828
  -3.78801999  0.39375297 -1.80508775 -0.89473539 -2.54216801 -3.46739153
   5.93808158  0.37953874 -3.42480567  0.67005905]
 [ 4.16357549 -1.85257013 -1.13261165  2.33327177  0.18669828  5.42422085
  -0.57504864  0.19419913  3.36677936  1.6397164   1.52452646 -5.366228
  -0.29390055  0.35639356  2.94977103  2.726839  ]
 [-1.01892148  1.89667638 -1.23740147 -1.37385095 -3.78801999 -0.57504864
   4.45479495 -0.71947113 -1.66087182 -0.26999343  0.81719892 -1.50876849
  -2.12988223  5.30843562  0.0262785  -1.37939162]
 [ 1.40997265 -2.97295531  0.6472528  -0.86534937  0.39375297  0.19419913
  -0.71947113  6.55701293 -0.76627306  3.90086272  0.71265702  5.32643053
   1.36210873  3.51068402  0.54390324  5.2820167 ]
 [ 3.92579693 -2.96357322 -2.62373238  1.56964237 -1.80508775  3.36677936
  -1.66087182 -0.76627306  5.12645921  1.35898508  0.06499958 -0.94093345
   0.10719481 -4.48074722  2.51506303 -0.77392121]
 [-2.15088711 -0.74991735 -6.09479462 -1.17391112 -0.89473539  1.6397164
  -0.26999343  3.90086272  1.35898508  7.80968125 -0.98137508  0.37113861
   2.63520213  0.97818995  1.35912104  5.35766656]
 [ 1.87211433 -0.22832418  3.23326879  1.8888784  -2.54216801  1.52452646
   0.81719892  0.71265702  0.06499958 -0.98137508  2.64041929 -1.02894086
  -2.53407767  1.94448058  1.3286843   1.84621175]
 [ 0.29156044 -3.33911863  2.2120758  -2.23043866 -3.46739153 -5.366228
  -1.50876849  5.32643053 -0.94093345  0.37113861 -1.02894086 15.42933419
   0.59012949 -2.41013754 -0.94351586 -0.5789893 ]
 [-0.80923996 -1.70354835 -3.32662554 -2.17522305  5.93808158 -0.29390055
  -2.12988223  1.36210873  0.10719481  2.63520213 -2.53407767  0.59012949
   4.45755561 -0.8444972  -1.01481106  0.09507013]
 [ 2.73653098 -0.21193001  0.4604599  -4.2448353   0.37953874  0.35639356
   5.30843562  3.51068402 -4.48074722  0.97818995  1.94448058 -2.41013754
  -0.8444972  15.9822491  -0.58041312  0.10469303]
 [ 2.16208173 -1.13399409 -1.02507942  1.50269536 -3.42480567  2.94977103
   0.0262785   0.54390324  2.51506303  1.35912104  1.3286843  -0.94351586
  -1.01481106 -0.58041312  3.19191053  1.73827415]
 [-3.31643074  1.89895522  3.0353526   4.10868282  0.67005905  2.726839
  -1.37939162  5.2820167  -0.77392121  5.35766656  1.84621175 -0.5789893
   0.09507013  0.10469303  1.73827415 13.59582986]]
INFO 2022-02-11 19:22:22,235 A=[[ 2.67043937e-01-3.23870548e-01j -3.33523999e-01+2.10966474e-01j
   7.49965666e-02+3.10035076e-02j  4.93473815e-02-7.67727911e-02j
   1.72801832e-02+1.07838455e-01j  3.56569836e-01-2.51755567e-01j
  -1.45773396e-01-2.06744172e-02j  9.00834803e-02+1.68407529e-01j
  -1.99840144e-15+5.15732904e-16j  4.75708100e-16+1.27319650e-16j
   6.89209881e-17+2.61126695e-16j  3.07272722e-16+1.08453769e-15j
   1.66533454e-16+5.55111512e-16j -9.31796126e-16+2.10243143e-17j
   1.61773364e-16-2.09505201e-16j  1.40371844e-15+8.20721374e-16j]
 [-3.33523999e-01+2.10966474e-01j -4.96319951e-02+6.18667111e-02j
   7.08941521e-02+2.60822451e-01j  2.77636965e-02+1.86158052e-01j
  -1.84082271e-01+1.07176657e-01j -1.16766078e-01-5.88947885e-02j
   2.21736307e-02+5.79131089e-02j -3.43629984e-01-2.39236804e-01j
   3.56288507e-16-2.27998238e-16j  8.88178420e-16+8.84704720e-17j
  -6.27758897e-17-4.47177298e-16j  1.52085649e-16-7.90125014e-16j
   3.88578059e-16+3.19189120e-16j  3.96195337e-16-6.17669393e-16j
   3.26941138e-16+2.16893395e-16j -1.06188324e-15+3.35148029e-16j]
 [ 7.49965666e-02+3.10035076e-02j  7.08941521e-02+2.60822451e-01j
   4.59800751e-01-2.66738335e-01j  2.00725240e-01-1.69160340e-01j
   2.12077528e-01+2.42081979e-01j -1.26927037e-01-8.18787412e-02j
  -1.05848522e-01+8.57486682e-03j -4.94558810e-02-1.54601722e-01j
   4.14492376e-17-1.38169143e-16j -7.41102655e-17+5.04504534e-16j
  -1.99840144e-15-9.52215389e-18j  1.96534947e-16+3.02194812e-16j
  -1.22124533e-15-1.11022302e-16j  1.12923552e-16+3.45045744e-16j
   6.81300718e-16+3.82999022e-17j  5.30049607e-16-9.41815620e-16j]
 [ 4.93473815e-02-7.67727911e-02j  2.77636965e-02+1.86158052e-01j
   2.00725240e-01-1.69160340e-01j -4.41876349e-01+1.84006816e-01j
  -7.20525240e-02+2.32752319e-01j  1.95660983e-01+3.96446937e-01j
  -1.77509007e-02+2.50510660e-04j -1.18120720e-02-3.89189175e-01j
  -5.14462881e-18-1.07356410e-15j  1.96836482e-17+7.85495482e-16j
  -1.43492012e-17-5.75330036e-16j  1.11022302e-15+3.28939586e-17j
  -8.32667268e-16+5.55111512e-17j  3.62882341e-16+2.49047834e-16j
   4.23435745e-16+3.53430411e-16j -6.23092003e-16-5.37694716e-16j]
 [ 1.72801832e-02+1.07838455e-01j -1.84082271e-01+1.07176657e-01j
   2.12077528e-01+2.42081979e-01j -7.20525240e-02+2.32752319e-01j
   4.79306451e-01-4.89880086e-01j  4.25358026e-02-3.53249138e-03j
  -1.14392149e-01+2.29125430e-01j  1.23203744e-02-8.38249283e-02j
   1.34990340e-16-5.73172773e-16j  1.04079593e-16-3.23977872e-16j
  -1.18009280e-15+3.35716965e-16j -7.27776302e-16-1.26577763e-16j
  -8.88178420e-16+2.77555756e-16j -4.73441590e-17+5.92394219e-16j
   6.40912287e-16-4.37448739e-16j -1.12531476e-15-8.08280762e-16j]
 [ 3.56569836e-01-2.51755567e-01j -1.16766078e-01-5.88947885e-02j
  -1.26927037e-01-8.18787412e-02j  1.95660983e-01+3.96446937e-01j
   4.25358026e-02-3.53249138e-03j -4.35508313e-01-2.94017700e-02j
   2.21279470e-04-3.40642927e-01j  3.69203885e-03-2.57291709e-01j
  -1.16377244e-15+6.26765688e-18j  4.62194530e-16+6.55120228e-16j
   4.17709015e-17-2.54333392e-16j  6.37023007e-16-4.79711572e-16j
   6.24500451e-17-7.14706072e-16j -8.88178420e-16-1.79034998e-18j
  -1.74036007e-16+4.49612202e-16j  8.12621270e-16-3.05969705e-16j]
 [-1.45773396e-01-2.06744172e-02j  2.21736307e-02+5.79131089e-02j
  -1.05848522e-01+8.57486682e-03j -1.77509007e-02+2.50510660e-04j
  -1.14392149e-01+2.29125430e-01j  2.21279470e-04-3.40642927e-01j
   5.20927441e-02-2.16792473e-03j -1.01379583e-01+3.44630763e-02j
   2.95169859e-16+3.30349589e-16j  3.33142654e-16-1.22647890e-16j
   7.14372286e-16+1.34046238e-16j  3.84377003e-16-1.49330844e-16j
   4.44089210e-16+2.22044605e-16j -1.62011987e-16-2.16128595e-16j
  -2.22044605e-16+3.46911386e-17j  5.48320960e-16+7.69269510e-16j]
 [ 9.00834803e-02+1.68407529e-01j -3.43629984e-01-2.39236804e-01j
  -4.94558810e-02-1.54601722e-01j -1.18120720e-02-3.89189175e-01j
   1.23203744e-02-8.38249283e-02j  3.69203885e-03-2.57291709e-01j
  -1.01379583e-01+3.44630763e-02j -2.90344297e-01-4.35756020e-01j
   1.05430362e-15-7.33260302e-16j -1.23438685e-15-1.50983721e-16j
   3.50488009e-16+7.85481236e-16j -6.37086104e-16+4.84331920e-16j
  -1.02695630e-15+7.49400542e-16j  9.82014736e-16+2.84722406e-16j
   4.20869295e-16-8.11973659e-16j -1.11022302e-15+2.23016252e-16j]
 [-1.77635684e-15-4.89541130e-17j  4.74280363e-16-4.62423354e-16j
   1.11833972e-16-8.50525778e-18j  6.29039156e-17-1.08213696e-15j
   1.45850948e-16-6.45681989e-16j -1.17839553e-15+1.98584182e-16j
   3.30049327e-16+2.46809512e-16j  1.23058042e-15-1.08775960e-15j
   2.67043937e-01+3.23870548e-01j -3.33523999e-01-2.10966474e-01j
   7.49965666e-02-3.10035076e-02j  4.93473815e-02+7.67727911e-02j
   1.72801832e-02-1.07838455e-01j  3.56569836e-01+2.51755567e-01j
  -1.45773396e-01+2.06744172e-02j  9.00834803e-02-1.68407529e-01j]
 [ 4.55090240e-16+1.85732478e-16j  6.66133815e-16+1.18651678e-16j
  -1.72042430e-16+6.58249298e-16j -4.53007863e-17+6.87049981e-16j
   1.63738338e-17-3.75436832e-16j  5.00818112e-16+3.44550509e-16j
   2.59291052e-16-1.90642784e-16j -1.28199282e-15-2.27938730e-16j
  -3.33523999e-01-2.10966474e-01j -4.96319951e-02-6.18667111e-02j
   7.08941521e-02-2.60822451e-01j  2.77636965e-02-1.86158052e-01j
  -1.84082271e-01-1.07176657e-01j -1.16766078e-01+5.88947885e-02j
   2.21736307e-02-5.79131089e-02j -3.43629984e-01+2.39236804e-01j]
 [ 1.50105258e-16+2.12186866e-17j -2.49241069e-16-5.39881326e-16j
  -1.33226763e-15-6.05538159e-17j -1.30484536e-16-3.34366625e-16j
  -1.20361372e-15-7.91058279e-17j -5.94500331e-17-1.16544109e-16j
   7.74929941e-16+1.12166783e-16j  7.21027685e-17+6.54210982e-16j
   7.49965666e-02-3.10035076e-02j  7.08941521e-02-2.60822451e-01j
   4.59800751e-01+2.66738335e-01j  2.00725240e-01+1.69160340e-01j
   2.12077528e-01-2.42081979e-01j -1.26927037e-01+8.18787412e-02j
  -1.05848522e-01-8.57486682e-03j -4.94558810e-02+1.54601722e-01j]
 [ 1.58366551e-16+1.22247864e-15j  1.19469504e-16-7.22373743e-16j
  -5.55672110e-17+3.25068184e-16j  4.44089210e-16+1.25026225e-16j
  -7.66827512e-16-2.19490483e-16j  5.55672110e-16-5.77898994e-16j
   7.11260301e-16-4.44537688e-17j -7.77940954e-16+7.33487185e-16j
   4.93473815e-02+7.67727911e-02j  2.77636965e-02-1.86158052e-01j
   2.00725240e-01+1.69160340e-01j -4.41876349e-01-1.84006816e-01j
  -7.20525240e-02-2.32752319e-01j  1.95660983e-01-3.96446937e-01j
  -1.77509007e-02-2.50510660e-04j -1.18120720e-02+3.89189175e-01j]
 [ 1.66362984e-16+5.44871750e-16j -3.65830718e-17+2.64496284e-16j
  -1.44688319e-15+7.08602252e-17j -8.45515780e-16+4.13842608e-16j
  -1.33226763e-15+3.33066907e-16j -7.96218446e-17-8.84696023e-16j
   3.05384051e-16+1.82649190e-16j -1.14858133e-15+9.32413952e-16j
   1.72801832e-02-1.07838455e-01j -1.84082271e-01-1.07176657e-01j
   2.12077528e-01-2.42081979e-01j -7.20525240e-02-2.32752319e-01j
   4.79306451e-01+4.89880086e-01j  4.25358026e-02+3.53249138e-03j
  -1.14392149e-01-2.29125430e-01j  1.23203744e-02+8.38249283e-02j]
 [-1.04821697e-15+1.82063353e-16j  4.84341769e-16-7.29170121e-16j
  -1.38248399e-16+3.00348426e-16j  4.45910217e-16+4.18366782e-16j
  -1.06486707e-16+7.94829087e-16j -4.44089210e-16+1.56613004e-16j
   7.94355801e-17-3.37694317e-16j  7.82196857e-16+1.92455175e-16j
   3.56569836e-01+2.51755567e-01j -1.16766078e-01+5.88947885e-02j
  -1.26927037e-01+8.18787412e-02j  1.95660983e-01-3.96446937e-01j
   4.25358026e-02+3.53249138e-03j -4.35508313e-01+2.94017700e-02j
   2.21279470e-04+3.40642927e-01j  3.69203885e-03+2.57291709e-01j]
 [ 2.77151879e-16-2.15337576e-16j  3.65087326e-16+1.25976930e-16j
   7.64835239e-16-1.31486568e-16j  3.83853411e-16-6.85788471e-18j
   6.56979085e-16-2.14849704e-16j -9.81324644e-17+2.58376107e-16j
  -2.22044605e-16-5.20417043e-18j  4.54501791e-16-8.46070358e-16j
  -1.45773396e-01+2.06744172e-02j  2.21736307e-02-5.79131089e-02j
  -1.05848522e-01-8.57486682e-03j -1.77509007e-02-2.50510660e-04j
  -1.14392149e-01-2.29125430e-01j  2.21279470e-04+3.40642927e-01j
   5.20927441e-02+2.16792473e-03j -1.01379583e-01-3.44630763e-02j]
 [ 1.33117579e-15+7.72023875e-16j -1.27401835e-15+5.23970134e-16j
   4.75015318e-16-7.61254284e-16j -7.67729282e-16-8.51445702e-16j
  -9.25302873e-16-6.88356373e-16j  6.74022173e-16-1.37107809e-16j
   5.29518485e-16+7.85813222e-16j -6.66133815e-16+1.38777878e-16j
   9.00834803e-02-1.68407529e-01j -3.43629984e-01+2.39236804e-01j
  -4.94558810e-02+1.54601722e-01j -1.18120720e-02+3.89189175e-01j
   1.23203744e-02+8.38249283e-02j  3.69203885e-03+2.57291709e-01j
  -1.01379583e-01-3.44630763e-02j -2.90344297e-01+4.35756020e-01j]], gamma = [ 0.52794988+1.24738485j  0.57139659+0.69330871j -0.769379  -0.24899804j
 -0.02710411+0.40916189j -0.76935833-0.14832601j -0.0501227 -0.26304938j
 -2.39457763+0.1297713j   0.47363585-0.01559277j  0.52794988-1.24738485j
  0.57139659-0.69330871j -0.769379  +0.24899804j -0.02710411-0.40916189j
 -0.76935833+0.14832601j -0.0501227 +0.26304938j -2.39457763-0.1297713j
  0.47363585+0.01559277j]
INFO 2022-02-11 19:22:22,276 For k = 1, lhaf_k_approx=(0.0021764771090107024+6.810144895924575e-18j), prob_k_approx = 6.800186984932914e-13, time = 0.040261268615722656
