INFO 2022-02-14 16:51:29,896 Trying to find the error between k-approx and exact hafnian calculation. Run for 3 modes, test output pattern is [1, 1, 2], total output photon numbers is 4, k is 4 to 4, hbar = 2
INFO 2022-02-14 16:51:29,897 Squeezing r = 1.55, coherent state alpha = 2.25
INFO 2022-02-14 16:51:29,898 U = [[-0.10264184+0.89762187j  0.14432463+0.40205906j  0.02204054-0.0277987j ]
 [-0.10985872+0.03131148j  0.25740258-0.16650006j  0.54161322+0.77435613j]
 [ 0.23993561-0.33633494j -0.12298025+0.84167477j  0.32221434+0.04412562j]]
INFO 2022-02-14 16:51:29,902 
INFO 2022-02-14 16:51:29,902 Number of coherent states = 1
INFO 2022-02-14 16:51:29,908 mu = [-0.4618883  -0.49436426  1.07971025  4.0392984   0.14090164 -1.51350724]
INFO 2022-02-14 16:51:29,910 cov = [[ 4.4227063  -1.92223609  7.15761509 -1.27189391 -1.86798948  1.12108178]
 [-1.92223609 13.95512674 -2.3827702   0.06314671 -8.34154178 -5.95283784]
 [ 7.15761509 -2.3827702  15.94466278 -2.53985296 -5.35695294  1.97806514]
 [-1.27189391  0.06314671 -2.53985296  1.29673528  1.12502692 -0.54768775]
 [-1.86798948 -8.34154178 -5.35695294  1.12502692  8.02371579  3.12953779]
 [ 1.12108178 -5.95283784  1.97806514 -0.54768775  3.12953779  2.84305407]]
INFO 2022-02-14 16:51:29,920 A=[[ 1.28943240e-01+1.04928754e-01j -1.25696612e-01+7.44479947e-02j
   3.17836187e-01+5.85229202e-02j  0.00000000e+00+1.38777878e-17j
  -1.80411242e-16-2.22044605e-16j  1.66533454e-16+3.77482269e-32j]
 [-1.25696612e-01+7.44479947e-02j  2.44664886e-01+6.88160839e-01j
  -2.27377300e-01+4.66517781e-01j -2.77555756e-16+4.44089210e-16j
  -2.66453526e-15-4.93038066e-31j -8.88178420e-16+1.11022302e-15j]
 [ 3.17836187e-01+5.85229202e-02j -2.27377300e-01+4.66517781e-01j
   5.40428513e-01-1.63186495e-01j -5.93186423e-31-1.11022302e-16j
  -4.44089210e-16-1.11022302e-15j  1.77635684e-15-2.22044605e-16j]
 [ 0.00000000e+00+1.11022302e-16j -1.88051380e-16+8.43190076e-16j
   1.49187888e-15-5.05814176e-16j  1.28943240e-01-1.04928754e-01j
  -1.25696612e-01-7.44479947e-02j  3.17836187e-01-5.85229202e-02j]
 [-2.00611472e-16-3.56730446e-16j -2.66453526e-15-2.58692703e-16j
  -7.69366268e-16-8.06002757e-16j -1.25696612e-01-7.44479947e-02j
   2.44664886e-01-6.88160839e-01j -2.27377300e-01-4.66517781e-01j]
 [-4.10507554e-17-3.30114642e-17j -8.06604743e-16+1.31350925e-15j
   1.11022302e-15-1.11022302e-16j  3.17836187e-01-5.85229202e-02j
  -2.27377300e-01-4.66517781e-01j  5.40428513e-01+1.63186495e-01j]], gamma = [-0.23094415-2.0196492j  -0.24718213-0.07045082j  0.53985513+0.75675362j
 -0.23094415+2.0196492j  -0.24718213+0.07045082j  0.53985513-0.75675362j]
INFO 2022-02-14 16:51:29,921 lhaf_exact = (4.085178529679621+1.4478079282040526e-15j), prob_exact = 0.002133235742051672, exact_time = 0.0004904270172119141
