INFO 2022-02-14 16:51:08,695 Trying to find the error between k-approx and exact hafnian calculation. Run for 3 modes, test output pattern is [1, 1, 2], total output photon numbers is 4, k is 4 to 4, hbar = 2
INFO 2022-02-14 16:51:08,695 Squeezing r = 1.55, coherent state alpha = 2.25
INFO 2022-02-14 16:51:08,696 U = [[ 0.89147971-0.22816206j -0.34651343+0.05012421j  0.05046934-0.16755553j]
 [-0.17340669-0.26235997j -0.22873271-0.332104j    0.8567827 +0.06640074j]
 [ 0.22757202+0.05014323j  0.77714813+0.33293404j  0.41650749-0.23961187j]]
INFO 2022-02-14 16:51:08,698 
INFO 2022-02-14 16:51:08,698 Number of coherent states = 1
INFO 2022-02-14 16:51:08,702 mu = [ 4.01165869 -0.7803301   1.0240741  -1.02672926 -1.18061988  0.22564456]
INFO 2022-02-14 16:51:08,703 cov = [[ 1.53129306 -0.70569673  1.44190116  0.57210159  3.17309077  0.77533896]
 [-0.70569673  2.68048124 -2.85212747 -2.36242693 -2.94310274  5.1535741 ]
 [ 1.44190116 -2.85212747  3.82432972  2.73131843  6.18618205 -3.52095842]
 [ 0.57210159 -2.36242693  2.73131843  3.57005617  2.62327474 -5.3171211 ]
 [ 3.17309077 -2.94310274  6.18618205  2.62327474 17.56043315  3.91727546]
 [ 0.77533896  5.1535741  -3.52095842 -5.3171211   3.91727546 17.31940763]]
INFO 2022-02-14 16:51:08,705 A=[[-8.40969791e-02-4.71972589e-02j -1.37316809e-01-3.34390883e-02j
   2.78803041e-01-1.44646179e-01j -2.22044605e-16-2.97109274e-17j
   3.54212225e-17-5.13988744e-16j  1.11022302e-16+3.90746463e-16j]
 [-1.37316809e-01-3.34390883e-02j -6.13783427e-01+2.42800205e-01j
  -2.79231234e-01-4.67753822e-01j  6.49123818e-17+3.98768136e-16j
   2.22044605e-16+2.91059283e-17j  1.59594560e-15-3.33066907e-16j]
 [ 2.78803041e-01-1.44646179e-01j -2.79231234e-01-4.67753822e-01j
  -5.56658732e-01+2.90472165e-01j  2.14957248e-16-1.90797088e-16j
   1.26299311e-15+9.13541796e-16j -1.77635684e-15-1.66533454e-16j]
 [-2.22044605e-16+5.55111512e-17j  4.10255122e-16+4.75657702e-16j
   7.92347516e-16-4.34873528e-16j -8.40969791e-02+4.71972589e-02j
  -1.37316809e-01+3.34390883e-02j  2.78803041e-01+1.44646179e-01j]
 [-2.36978458e-17-1.46457437e-16j  2.22044605e-16+0.00000000e+00j
   1.25591629e-15+7.25233854e-16j -1.37316809e-01+3.34390883e-02j
  -6.13783427e-01-2.42800205e-01j -2.79231234e-01+4.67753822e-01j]
 [ 1.91694891e-18+3.62518224e-16j  1.51993444e-15-1.31110777e-16j
  -1.55431223e-15-1.11022302e-16j  2.78803041e-01+1.44646179e-01j
  -2.79231234e-01+4.67753822e-01j -5.56658732e-01-2.90472165e-01j]], gamma = [ 2.00582934+0.51336463j -0.39016505+0.59030994j  0.51203705-0.11282228j
  2.00582934-0.51336463j -0.39016505-0.59030994j  0.51203705+0.11282228j]
INFO 2022-02-14 16:51:08,706 lhaf_exact = (2.6128894381169787+2.0076760427460527e-15j), prob_exact = 0.0013644224111443223, exact_time = 0.00038123130798339844
