INFO 2022-02-17 13:21:35,191 Trying to find the error between k-approx and exact hafnian calculation. Run for 3 modes, test output pattern is [0, 2, 0], total output photon numbers is 2, k is 0 to 2, hbar = 2
INFO 2022-02-17 13:21:35,191 Squeezing r = 1.55, coherent state alpha = 2.25
INFO 2022-02-17 13:21:35,191 U = [[-0.34860999+0.32471167j -0.07813944+0.1676999j  -0.85170116-0.11579945j]
 [-0.19282945+0.09087308j -0.92546958-0.12856466j  0.1392731 +0.24927709j]
 [-0.8323462 -0.18652639j  0.2648092 +0.15041356j  0.22615505+0.35848773j]]
INFO 2022-02-17 13:21:35,194 
INFO 2022-02-17 13:21:35,194 Number of coherent states = 1
INFO 2022-02-17 13:21:35,198 mu = [-1.56874496 -0.86773253 -3.7455579   1.46120252  0.40892886 -0.83936876]
INFO 2022-02-17 13:21:35,198 cov = [[ 1.18186252 -1.02471958 -0.14158033 -1.89457272  3.82497362 -0.08342984]
 [-1.02471958  1.8311664   1.68833875  4.45118497 -3.40490719 -0.38810014]
 [-0.14158033  1.68833875  4.08800246  6.70399737  1.87113296 -2.67839008]
 [-1.89457272  4.45118497  6.70399737 16.46665308 -0.93338227 -4.50614994]
 [ 3.82497362 -3.40490719  1.87113296 -0.93338227 19.49196959 -4.5942343 ]
 [-0.08342984 -0.38810014 -2.67839008 -4.50614994 -4.5942343   3.42634691]]
INFO 2022-02-17 13:21:35,202 A=[[-6.30482624e-01+1.56298534e-01j -3.76757446e-03-3.41383427e-01j
   1.80034217e-01-2.73091919e-01j -6.66133815e-16+9.60961683e-17j
   3.05311332e-16+2.77555756e-16j  4.04514897e-16+5.69804056e-17j]
 [-3.76757446e-03-3.41383427e-01j -7.28490816e-01+2.80898166e-01j
   2.59149979e-01-6.11736499e-02j  3.50418680e-16-5.06732432e-16j
   1.11022302e-16+1.11022302e-16j -2.92328950e-16+2.05622572e-16j]
 [ 1.80034217e-01-2.73091919e-01j  2.59149979e-01-6.11736499e-02j
   2.72926426e-02+2.20961929e-01j  5.24268237e-16-2.89102619e-16j
   4.44089210e-16-1.87350135e-16j -4.44089210e-16-5.59379852e-17j]
 [-8.88178420e-16+4.30025639e-17j  2.48618339e-16-4.18130842e-16j
   4.34048391e-16-1.95213257e-16j -6.30482624e-01-1.56298534e-01j
  -3.76757446e-03+3.41383427e-01j  1.80034217e-01+2.73091919e-01j]
 [ 4.50168387e-16-7.24831982e-17j  4.44089210e-16+5.55111512e-17j
   2.89703007e-16-5.18470164e-17j -3.76757446e-03+3.41383427e-01j
  -7.28490816e-01-2.80898166e-01j  2.59149979e-01+6.11736499e-02j]
 [ 3.71311491e-16+2.41941976e-16j  1.37164549e-16+1.97477943e-16j
  -2.22044605e-16-4.16333634e-17j  1.80034217e-01+2.73091919e-01j
   2.59149979e-01+6.11736499e-02j  2.72926426e-02-2.20961929e-01j]], gamma = [-0.78437248-0.73060126j -0.43386627-0.20446443j -1.87277895+0.41968438j
 -0.78437248+0.73060126j -0.43386627+0.20446443j -1.87277895-0.41968438j]
INFO 2022-02-17 13:21:35,203 lhaf_exact = (0.5488458048517488-2.8595657608300854e-16j), prob_exact = 0.00028660130255719684, exact_time = 0.00015854835510253906
INFO 2022-02-17 13:21:35,203 k=0 term gives H = (0.05292099619679433+1.734723475976807e-17j)
INFO 2022-02-17 13:21:35,203 
INFO 2022-02-17 13:21:35,209 k=1.0,output=(0, 1),gamma_prod=(0.14643423436918995+0.17742043625665996j),haf=(-0.7284908155262699-0.2808981660097982j)
INFO 2022-02-17 13:21:35,209 k=1.0,output=(0, 2),gamma_prod=(0.23004563937791633+4.163336342344337e-17j),haf=(4.996003610813204e-16+8.326672684688679e-17j)
INFO 2022-02-17 13:21:35,210 k=1.0,output=(0, 3),gamma_prod=(0.23004563937791633+4.163336342344337e-17j),haf=(4.996003610813204e-16+8.326672684688679e-17j)
INFO 2022-02-17 13:21:35,210 k=1.0,output=(1, 2),gamma_prod=(0.23004563937791633+4.163336342344337e-17j),haf=(4.996003610813204e-16+8.326672684688679e-17j)
INFO 2022-02-17 13:21:35,210 k=1.0,output=(1, 3),gamma_prod=(0.23004563937791633+4.163336342344337e-17j),haf=(4.996003610813204e-16+8.326672684688679e-17j)
INFO 2022-02-17 13:21:35,210 k=1.0,output=(2, 3),gamma_prod=(0.14643423436918984-0.1774204362566597j),haf=(-0.7284908155262695+0.2808981660097982j)
INFO 2022-02-17 13:21:35,211 k=1 term gives H = (-0.11367783931884354-2.220446049250313e-16j)
INFO 2022-02-17 13:21:35,211 
INFO 2022-02-17 13:21:35,217 k=2.0,output=(),gamma_prod=(1+0j),haf=(0.6096026479737977-5.041475713534201e-16j)
INFO 2022-02-17 13:21:35,217 k=2 term gives H = (0.6096026479737977-5.041475713534201e-16j)
INFO 2022-02-17 13:21:35,217 
