INFO 2022-02-22 16:53:44,378 Trying to find the error between k-approx and exact hafnian calculation. Run for 3 modes, vary test output pattern where at most 4 total photons and each output mode at most 2 photons. hbar = 2
INFO 2022-02-22 16:53:44,378 Batch is False
INFO 2022-02-22 16:53:44,378 Squeezing r = 0.3, coherent state alpha = [0.01, 0.1, 0.3, 0.5, 1, 1.5, 1.8, 2]
INFO 2022-02-22 16:53:44,379 U = [[-0.34860999+0.32471167j -0.07813944+0.1676999j  -0.85170116-0.11579945j]
 [-0.19282945+0.09087308j -0.92546958-0.12856466j  0.1392731 +0.24927709j]
 [-0.8323462 -0.18652639j  0.2648092 +0.15041356j  0.22615505+0.35848773j]]
INFO 2022-02-22 16:53:44,379 
INFO 2022-02-22 16:53:44,379 alpha=0.01
INFO 2022-02-22 16:53:44,382 n_photon=[0, 0, 0]
INFO 2022-02-22 16:53:44,387 mu = [-0.0069722  -0.00385659 -0.01664692  0.00649423  0.00181746 -0.00373053]
INFO 2022-02-22 16:53:44,388 cov = [[ 0.7041003  -0.02056497  0.08285139 -0.10889648  0.23211171  0.12808287]
 [-0.02056497  0.66948259  0.15393159  0.24358633 -0.19570766  0.021922  ]
 [ 0.08285139  0.15393159  1.06953751  0.25245491  0.06331993 -0.15394883]
 [-0.10889648  0.24358633  0.25245491  1.58264132 -0.01531507 -0.16801587]
 [ 0.23211171 -0.19570766  0.06331993 -0.01531507  1.68459235 -0.20717889]
 [ 0.12808287  0.021922   -0.15394883 -0.16801587 -0.20717889  1.0315068 ]]
INFO 2022-02-22 16:53:44,391 A=[[-2.00996341e-01+4.98275961e-02j -1.20109366e-03-1.08832214e-01j
   5.73944745e-02-8.70610458e-02j  2.22044605e-16-8.13151629e-19j
   8.67361738e-19+1.21430643e-17j -6.07153217e-18-1.30104261e-17j]
 [-1.20109366e-03-1.08832214e-01j -2.32241117e-01+8.95496585e-02j
   8.26163887e-02-1.95020122e-02j  8.88203531e-35-1.30104261e-17j
   0.00000000e+00-6.93889390e-18j -6.93889390e-18+3.46944695e-18j]
 [ 5.73944745e-02-8.70610458e-02j  8.26163887e-02-1.95020122e-02j
   8.70082870e-03+7.04421307e-02j -6.93889390e-18+1.04083409e-17j
  -3.46944695e-18-3.46944695e-18j -2.22044605e-16-8.67361738e-19j]
 [ 2.22044605e-16-7.15434462e-19j -1.61868723e-18-6.47474891e-18j
  -8.53234829e-21+6.44806909e-18j -2.00996341e-01-4.98275961e-02j
  -1.20109366e-03+1.08832214e-01j  5.73944745e-02+8.70610458e-02j]
 [ 6.63067849e-19+2.32166241e-21j  0.00000000e+00-2.68204404e-18j
   9.92235517e-39-3.18755262e-18j -1.20109366e-03+1.08832214e-01j
  -2.32241117e-01-8.95496585e-02j  8.26163887e-02+1.95020122e-02j]
 [-6.77848509e-18-5.08386382e-18j  0.00000000e+00+8.47310637e-19j
   0.00000000e+00-1.27096596e-18j  5.73944745e-02+8.70610458e-02j
   8.26163887e-02+1.95020122e-02j  8.70082870e-03-7.04421307e-02j]], gamma = [-0.0034861 -0.00324712j -0.00192829-0.00090873j -0.00832346+0.00186526j
 -0.0034861 +0.00324712j -0.00192829+0.00090873j -0.00832346-0.00186526j]
