INFO 2022-01-27 11:52:08,200 Running chain rule sampling with PNRDs for [11, 12, 13, 14, 15] modes. n_samples = 100
INFO 2022-01-27 11:52:08,200 
INFO 2022-01-27 11:52:08,200 M=11 modes
INFO 2022-01-27 11:52:08,216 U = [[-0.20268966+0.26690387j -0.48676801-0.2684613j   0.04719514-0.33254289j
  -0.19325027+0.00840255j -0.2158866 -0.11581117j -0.102727  -0.21937869j
  -0.12181428+0.15333284j  0.08461322-0.20641074j -0.12281843+0.24337562j
   0.19538986-0.14261339j  0.20201704-0.21904327j]
 [-0.32209368-0.12252533j -0.02450926+0.21529941j  0.07761124+0.23377673j
   0.20505306+0.11344224j  0.14637342-0.03827668j -0.30518466-0.0318845j
  -0.54684679-0.23747185j -0.23160206+0.05533584j  0.05314591+0.12798954j
   0.1412118 -0.36624942j  0.11501601+0.05480294j]
 [ 0.50440744+0.10645173j -0.09444773+0.15099766j  0.19307529+0.04433844j
  -0.27943003-0.20689564j  0.00892628+0.37784324j  0.13709045+0.04264096j
  -0.41548079-0.12722092j  0.34825563+0.02559366j  0.05097658+0.02265296j
   0.07554774-0.07910686j  0.19092132+0.12906511j]
 [ 0.04208386-0.3281716j  -0.07425887-0.15655677j -0.4122456 -0.0858662j
   0.22292728-0.24608712j -0.182269  -0.0608768j   0.0075394 +0.29320803j
  -0.14861262-0.1490312j   0.03775691-0.07871763j  0.33744793+0.06637621j
  -0.113568  +0.20185617j  0.4172247 -0.2281716j ]
 [ 0.01092804+0.24592246j  0.0771503 -0.05962852j -0.24795418+0.29137125j
  -0.14268196+0.32241604j  0.25096021+0.13250666j -0.18844681+0.03165675j
  -0.0573522 +0.06425627j  0.0335781 +0.28346223j -0.32413619+0.18359201j
  -0.07518326+0.38359549j  0.32733975-0.23353111j]
 [-0.11330882+0.02532113j  0.07628795+0.16258291j  0.35547517-0.05703353j
  -0.28302413+0.35547903j -0.32442114-0.0974879j  -0.33397564+0.22662528j
   0.03881708-0.16327815j  0.07186711-0.10200699j  0.25769064-0.33833841j
   0.08895551+0.29463999j  0.14455308-0.01721037j]
 [-0.22733492-0.23770259j -0.25951498-0.01717456j  0.04504977+0.06169962j
  -0.03130321+0.12389583j -0.14152739+0.20140794j  0.04039612+0.37569371j
  -0.17263096+0.19739329j  0.0649635 -0.15842267j -0.16416555+0.3536663j
  -0.17459659+0.28091283j -0.28207157+0.39944971j]
 [ 0.0349974 -0.31545952j  0.17994046+0.02174406j  0.01289464+0.13859356j
   0.04712511-0.16966065j -0.38291658+0.28286228j -0.3262571 -0.06533356j
   0.24732082+0.38769158j  0.03104029+0.21036177j -0.12079113+0.08962631j
   0.37367231-0.14797042j  0.18441004+0.06193706j]
 [ 0.19770227-0.21849002j -0.41058132-0.23227304j  0.40253155+0.05053009j
   0.08689141+0.1955373j  -0.05617426+0.14200033j  0.17141202-0.0544811j
   0.06754571+0.01200067j -0.43130154+0.37737074j  0.07008334-0.08477471j
  -0.22117897-0.01195969j  0.1431078 -0.09915018j]
 [ 0.05693105+0.13170464j -0.00792822-0.2507857j   0.15055116-0.10631255j
   0.22378339-0.28249814j  0.28616004+0.3692571j  -0.4681346 -0.16028283j
  -0.08259315+0.058643j   -0.18750268-0.2453601j   0.15345679-0.11484502j
   0.02218583+0.34610449j -0.16393556-0.00346599j]
 [ 0.01997189+0.053714j   -0.39072647+0.04335194j -0.04117718+0.32938761j
   0.34639146+0.05249203j  0.09585823-0.06361716j -0.09742932+0.03065635j
   0.15052476+0.14022561j  0.3175699 -0.26029444j -0.18421077-0.45608976j
  -0.12797508-0.13277229j  0.25207713+0.18746119j]]
INFO 2022-01-27 11:52:08,216 Squeezing r = 0.3, coherent state alpha = 0.6
INFO 2022-01-27 11:52:08,216 
INFO 2022-01-27 11:52:08,216 Number of coherent states = 0
INFO 2022-01-27 12:19:56,521 mu = [ 0.  0.  0.  0. -0.  0. -0.  0.  0.  0.  0.  0.  0.  0.  0.  0.  0.  0.
  0.  0.  0.  0.]
INFO 2022-01-27 12:19:56,537 cov = [[ 1.1971 -0.1685 -0.1502 -0.0581 -0.0539 -0.2266 -0.207  -0.1408 -0.1132
   0.1413 -0.2084  0.0399  0.1552  0.1445 -0.2113  0.1017  0.0649 -0.0104
   0.0236 -0.1469 -0.1717 -0.0163]
 [-0.1685  0.9873  0.0778 -0.1215 -0.0939 -0.081  -0.0728  0.0463  0.0168
  -0.3886  0.0509  0.1552 -0.2014 -0.0431 -0.0758  0.0548 -0.1368 -0.0702
   0.1673 -0.0585 -0.0861  0.0491]
 [-0.1502  0.0778  0.8847 -0.0623 -0.054  -0.1159  0.063   0.1182 -0.0648
   0.1508 -0.0087  0.1445 -0.0431 -0.2504  0.0628 -0.2128  0.062   0.1392
   0.2242  0.0472 -0.0505  0.0902]
 [-0.0581 -0.1215 -0.0623  1.0778 -0.0809  0.0374  0.1463 -0.0239  0.0179
   0.1004 -0.1948 -0.2113 -0.0758  0.0628  0.1081  0.1722  0.0295 -0.2271
   0.1766  0.0657  0.205   0.2604]
 [-0.0539 -0.0939 -0.054  -0.0809  1.3017  0.1328  0.1098 -0.0357  0.211
   0.0202 -0.1619  0.1017  0.0548 -0.2128  0.1722  0.3207  0.004   0.1003
  -0.0746  0.0088 -0.2166 -0.1215]
 [-0.2266 -0.081  -0.1159  0.0374  0.1328  1.1297  0.0476 -0.3499 -0.0209
  -0.0608  0.1745  0.0649 -0.1368  0.062   0.0295  0.004   0.2961  0.0104
  -0.1449  0.0864  0.0927  0.0072]
 [-0.207  -0.0728  0.063   0.1463  0.1098  0.0476  1.4214  0.1944 -0.0496
   0.0653 -0.0545 -0.0104 -0.0702  0.1392 -0.2271  0.1003  0.0104  0.2802
   0.0314 -0.1913  0.1098 -0.0051]
 [-0.1408  0.0463  0.1182 -0.0239 -0.0357 -0.3499  0.1944  1.1353  0.1954
   0.0134 -0.0118  0.0236  0.1673  0.2242  0.1766 -0.0746 -0.1449  0.0314
   0.067   0.0942 -0.0066 -0.124 ]
 [-0.1132  0.0168 -0.0648  0.0179  0.211  -0.0209 -0.0496  0.1954  0.963
  -0.0712 -0.1025 -0.1469 -0.0585  0.0472  0.0657  0.0088  0.0864 -0.1913
   0.0942  0.1366 -0.0486 -0.3626]
 [ 0.1413 -0.3886  0.1508  0.1004  0.0202 -0.0608  0.0653  0.0134 -0.0712
   1.2237 -0.0053 -0.1717 -0.0861 -0.0505  0.205  -0.2166  0.0927  0.1098
  -0.0066 -0.0486 -0.1818  0.0445]
 [-0.2084  0.0509 -0.0087 -0.1948 -0.1619  0.1745 -0.0545 -0.0118 -0.1025
  -0.0053  1.1463 -0.0163  0.0491  0.0902  0.2604 -0.1215  0.0072 -0.0051
  -0.124  -0.3626  0.0445 -0.0845]
 [ 0.0399  0.1552  0.1445 -0.2113  0.1017  0.0649 -0.0104  0.0236 -0.1469
  -0.1717 -0.0163  1.1738  0.1685  0.1502  0.0581  0.0539  0.2266  0.207
   0.1408  0.1132 -0.1413  0.2084]
 [ 0.1552 -0.2014 -0.0431 -0.0758  0.0548 -0.1368 -0.0702  0.1673 -0.0585
  -0.0861  0.0491  0.1685  1.3837 -0.0778  0.1215  0.0939  0.081   0.0728
  -0.0463 -0.0168  0.3886 -0.0509]
 [ 0.1445 -0.0431 -0.2504  0.0628 -0.2128  0.062   0.1392  0.2242  0.0472
  -0.0505  0.0902  0.1502 -0.0778  1.4863  0.0623  0.054   0.1159 -0.063
  -0.1182  0.0648 -0.1508  0.0087]
 [-0.2113 -0.0758  0.0628  0.1081  0.1722  0.0295 -0.2271  0.1766  0.0657
   0.205   0.2604  0.0581  0.1215  0.0623  1.2931  0.0809 -0.0374 -0.1463
   0.0239 -0.0179 -0.1004  0.1948]
 [ 0.1017  0.0548 -0.2128  0.1722  0.3207  0.004   0.1003 -0.0746  0.0088
  -0.2166 -0.1215  0.0539  0.0939  0.054   0.0809  1.0692 -0.1328 -0.1098
   0.0357 -0.211  -0.0202  0.1619]
 [ 0.0649 -0.1368  0.062   0.0295  0.004   0.2961  0.0104 -0.1449  0.0864
   0.0927  0.0072  0.2266  0.081   0.1159 -0.0374 -0.1328  1.2412 -0.0476
   0.3499  0.0209  0.0608 -0.1745]
 [-0.0104 -0.0702  0.1392 -0.2271  0.1003  0.0104  0.2802  0.0314 -0.1913
   0.1098 -0.0051  0.207   0.0728 -0.063  -0.1463 -0.1098 -0.0476  0.9495
  -0.1944  0.0496 -0.0653  0.0545]
 [ 0.0236  0.1673  0.2242  0.1766 -0.0746 -0.1449  0.0314  0.067   0.0942
  -0.0066 -0.124   0.1408 -0.0463 -0.1182  0.0239  0.0357  0.3499 -0.1944
   1.2357 -0.1954 -0.0134  0.0118]
 [-0.1469 -0.0585  0.0472  0.0657  0.0088  0.0864 -0.1913  0.0942  0.1366
  -0.0486 -0.3626  0.1132 -0.0168  0.0648 -0.0179 -0.211   0.0209  0.0496
  -0.1954  1.4079  0.0712  0.1025]
 [-0.1717 -0.0861 -0.0505  0.205  -0.2166  0.0927  0.1098 -0.0066 -0.0486
  -0.1818  0.0445 -0.1413  0.3886 -0.1508 -0.1004 -0.0202  0.0608 -0.0653
  -0.0134  0.0712  1.1472  0.0053]
 [-0.0163  0.0491  0.0902  0.2604 -0.1215  0.0072 -0.0051 -0.124  -0.3626
   0.0445 -0.0845  0.2084 -0.0509  0.0087  0.1948  0.1619 -0.1745  0.0545
   0.0118  0.1025  0.0053  1.2247]]
