INFO 2022-01-27 11:41:14,777 Running chain rule sampling with PNRDs for [11, 12, 13, 14, 15] modes. n_samples = 100
INFO 2022-01-27 11:41:14,777 
INFO 2022-01-27 11:41:14,792 M=11 modes
INFO 2022-01-27 11:41:14,792 U = [[-0.29350509-0.13295004j -0.28071525+0.06362299j -0.30974063+0.33853266j
  -0.13552261+0.17309308j  0.1241532 +0.02335667j  0.00459675-0.3391348j
  -0.03308974-0.0552463j  -0.06256181-0.27381256j  0.15249721+0.12723971j
   0.27109832+0.28515498j -0.3819727 -0.01659158j]
 [ 0.2191928 -0.12389888j -0.05328028+0.05259822j  0.0645751 +0.40363914j
  -0.37084744-0.16378821j  0.14252045+0.03248894j -0.32976264-0.00342216j
  -0.12286568+0.11971456j -0.09656733+0.18579028j -0.18887449-0.29180755j
   0.08743778+0.17723631j  0.24858806-0.41770378j]
 [ 0.02067848+0.22102486j  0.16071848+0.03855337j  0.11380087-0.12657566j
   0.00382868+0.06503541j  0.63114323-0.11464909j  0.19912103-0.10024597j
  -0.04050921+0.20132061j  0.06264913+0.37231198j  0.15485123+0.05842007j
  -0.03355174+0.44526393j -0.0099447 +0.13196284j]
 [ 0.25135317-0.03702971j  0.41948568+0.23017544j  0.01317874+0.36123957j
   0.07775701-0.22657104j -0.09868019-0.03393787j  0.21570484+0.06365318j
  -0.03334609+0.38292747j  0.14224923-0.40113256j -0.15641848+0.00909455j
  -0.12210484+0.14327805j -0.19399923+0.17456324j]
 [-0.28170268-0.01938684j  0.01388046+0.08817522j  0.1221072 +0.32669492j
   0.11299499-0.02764049j  0.00683695+0.18074984j  0.28963245+0.01172908j
   0.03882304+0.08906219j  0.37276398+0.04228369j  0.23021736+0.30810245j
   0.21636654-0.1717103j   0.49323363-0.20664259j]
 [-0.17405865+0.18093373j -0.06676722-0.47499666j -0.01524193+0.03308764j
   0.13649199+0.14670333j  0.33156878-0.05245984j -0.18990133+0.29974293j
  -0.27380074+0.08461832j  0.05113763-0.48102105j -0.23976635+0.01537265j
  -0.01079329+0.049158j    0.22130508+0.03811872j]
 [-0.22814363+0.57155237j  0.04194731-0.27531989j -0.22501803+0.25874964j
  -0.31726983-0.07378497j -0.12242364-0.01202537j  0.1793367 +0.04875346j
   0.33701968+0.04124121j  0.0725868 +0.21399887j -0.23222901-0.10896972j
  -0.04536371-0.11888497j -0.14315814+0.03899043j]
 [ 0.27522702+0.1386789j   0.18431778-0.23762467j -0.08565336-0.08817251j
  -0.35558921-0.0896527j  -0.08200809+0.10834681j  0.04466722+0.1377275j
  -0.49980498+0.06907228j -0.04697102+0.04947233j  0.33857116+0.23856084j
   0.34946627-0.19971025j -0.18090838+0.00699807j]
 [-0.19421156+0.04950586j -0.14968941+0.27759004j  0.20011867-0.2219341j
  -0.454807  +0.07156835j -0.13708426-0.10695434j  0.40979978+0.01348784j
  -0.26465081-0.09144106j  0.02409181-0.21692382j -0.10955901-0.33647607j
   0.08351044+0.1132076j   0.23238726+0.18892889j]
 [-0.14844923-0.07321114j  0.21228504+0.01096734j -0.05696582+0.18688129j
  -0.2626221 +0.19942664j -0.10711985-0.53966105j -0.11306099-0.05342622j
  -0.1502548 -0.09104856j -0.08828671+0.02601738j  0.19478651+0.29461251j
  -0.52198885-0.05630456j  0.14587002-0.03411856j]
 [-0.04117062-0.18227273j  0.07677423-0.3141511j   0.13663602+0.24681685j
   0.32999109-0.04262391j  0.00330391-0.16835229j  0.40578731-0.24915634j
  -0.38825369-0.23467993j -0.10768034+0.23543134j -0.23660569-0.1971053j
   0.02577008-0.13483141j -0.14770449-0.08228238j]]
INFO 2022-01-27 11:41:14,792 Squeezing r = 0.3, coherent state alpha = 0.6
INFO 2022-01-27 11:41:14,792 
INFO 2022-01-27 11:41:14,792 Number of coherent states = 0
INFO 2022-01-27 11:41:14,815 mu = [ 0.  0.  0. -0.  0.  0.  0.  0.  0.  0.  0. -0.  0.  0.  0.  0.  0. -0.
  0. -0.  0.  0.]
INFO 2022-01-27 11:41:14,815 cov = [[ 1.13154216e+00  1.18274739e-01 -1.02614916e-02  2.64922436e-01
   1.16397000e-01  2.77786476e-02 -1.84352911e-01 -2.12862662e-01
  -1.01288244e-02  1.70156069e-01  6.02629528e-02 -2.06169756e-02
  -8.95219477e-02  1.36735439e-02  1.94657820e-01  2.57696447e-02
  -9.34258432e-02  3.06071023e-01 -6.84175928e-02  1.56384865e-01
   1.14174511e-01 -8.68526065e-03]
 [ 1.18274739e-01  1.24763609e+00  1.21467221e-02  1.52076639e-01
   1.70316999e-01 -1.93210366e-01  8.88897140e-02 -1.75729529e-01
  -1.37863556e-01 -6.71002849e-02  2.44073382e-01 -8.95219477e-02
   4.16368937e-03 -3.92602095e-02 -1.36288189e-01  1.21358161e-01
   5.94588030e-02 -2.04208925e-01  4.25393574e-02 -1.12173887e-01
   2.52357419e-01 -9.90412804e-02]
 [-1.02614916e-02  1.21467221e-02  1.17529949e+00 -6.00381020e-02
  -1.50233380e-01 -1.67109437e-01  1.38122283e-01 -5.23928654e-02
   2.77704375e-02  2.51848330e-02 -1.07128148e-01  1.36735439e-02
  -3.92602095e-02  1.11726855e-01 -2.79453678e-02 -2.82451105e-01
   9.53810077e-02  3.41942493e-03 -1.19665709e-01  1.42393036e-01
   3.51170918e-01  2.33173781e-01]
 [ 2.64922436e-01  1.52076639e-01 -6.00381020e-02  1.31280652e+00
   1.26279208e-01  1.56278587e-01 -6.63451360e-02 -1.08100903e-01
   8.69705589e-02 -1.80438920e-02 -2.50418896e-01  1.94657820e-01
  -1.36288189e-01 -2.79453678e-02  3.96537211e-02 -4.44031052e-02
   2.02645028e-01 -1.15371302e-01  8.08452474e-02 -1.51956575e-01
  -2.55250894e-02  1.40339715e-01]
 [ 1.16397000e-01  1.70316999e-01 -1.50233380e-01  1.26279208e-01
   9.62999430e-01 -8.78416922e-02  5.23551515e-02  1.09277071e-01
  -3.17823778e-01  7.67007114e-02 -9.20163488e-03  2.57696447e-02
   1.21358161e-01 -2.82451105e-01 -4.44031052e-02  1.06791890e-03
   1.19098332e-01  9.89856871e-02 -1.73867118e-02  8.92895088e-02
  -1.17072697e-01  4.77387883e-02]
 [ 2.77786476e-02 -1.93210366e-01 -1.67109437e-01  1.56278587e-01
  -8.78416922e-02  1.33344991e+00  1.80413832e-01  1.70185260e-01
  -7.49434959e-03  1.21243246e-02 -1.19176942e-01 -9.34258432e-02
   5.94588030e-02  9.53810077e-02  2.02645028e-01  1.19098332e-01
   1.24939929e-01  9.25325641e-02  1.00938445e-01 -1.05919589e-01
   2.33942182e-01 -1.80066048e-01]
 [-1.84352911e-01  8.88897140e-02  1.38122283e-01 -6.63451360e-02
   5.23551515e-02  1.80413832e-01  1.25220550e+00  1.85078243e-01
  -1.63635649e-01 -4.10838563e-02  1.45415426e-01  3.06071023e-01
  -2.04208925e-01  3.41942493e-03 -1.15371302e-01  9.89856871e-02
   9.25325641e-02  1.42601857e-01  3.00470704e-03 -5.41016095e-02
   1.54644043e-01  4.58570164e-02]
 [-2.12862662e-01 -1.75729529e-01 -5.23928654e-02 -1.08100903e-01
   1.09277071e-01  1.70185260e-01  1.85078243e-01  8.36935756e-01
  -2.21911345e-01 -4.66764387e-02 -5.90270891e-02 -6.84175928e-02
   4.25393574e-02 -1.19665709e-01  8.08452474e-02 -1.73867118e-02
   1.00938445e-01  3.00470704e-03 -5.00855720e-03 -1.91993580e-02
  -8.57553784e-02  1.32562548e-01]
 [-1.01288244e-02 -1.37863556e-01  2.77704375e-02  8.69705589e-02
  -3.17823778e-01 -7.49434959e-03 -1.63635649e-01 -2.21911345e-01
   1.01057473e+00 -1.01931452e-01 -1.69999850e-01  1.56384865e-01
  -1.12173887e-01  1.42393036e-01 -1.51956575e-01  8.92895088e-02
  -1.05919589e-01 -5.41016095e-02 -1.91993580e-02 -1.59897766e-03
   1.12379234e-02 -1.67020674e-01]
 [ 1.70156069e-01 -6.71002849e-02  2.51848330e-02 -1.80438920e-02
   7.67007114e-02  1.21243246e-02 -4.10838563e-02 -4.66764387e-02
  -1.01931452e-01  1.15281980e+00  1.67453414e-01  1.14174511e-01
   2.52357419e-01  3.51170918e-01 -2.55250894e-02 -1.17072697e-01
   2.33942182e-01  1.54644043e-01 -8.57553784e-02  1.12379234e-02
  -1.36509979e-01 -4.85984294e-02]
 [ 6.02629528e-02  2.44073382e-01 -1.07128148e-01 -2.50418896e-01
  -9.20163488e-03 -1.19176942e-01  1.45415426e-01 -5.90270891e-02
  -1.69999850e-01  1.67453414e-01  1.13373581e+00 -8.68526065e-03
  -9.90412804e-02  2.33173781e-01  1.40339715e-01  4.77387883e-02
  -1.80066048e-01  4.58570164e-02  1.32562548e-01 -1.67020674e-01
  -4.85984294e-02 -2.86017307e-02]
 [-2.06169756e-02 -8.95219477e-02  1.36735439e-02  1.94657820e-01
   2.57696447e-02 -9.34258432e-02  3.06071023e-01 -6.84175928e-02
   1.56384865e-01  1.14174511e-01 -8.68526065e-03  1.23938827e+00
  -1.18274739e-01  1.02614916e-02 -2.64922436e-01 -1.16397000e-01
  -2.77786476e-02  1.84352911e-01  2.12862662e-01  1.01288244e-02
  -1.70156069e-01 -6.02629528e-02]
 [-8.95219477e-02  4.16368937e-03 -3.92602095e-02 -1.36288189e-01
   1.21358161e-01  5.94588030e-02 -2.04208925e-01  4.25393574e-02
  -1.12173887e-01  2.52357419e-01 -9.90412804e-02 -1.18274739e-01
   1.12329435e+00 -1.21467221e-02 -1.52076639e-01 -1.70316999e-01
   1.93210366e-01 -8.88897140e-02  1.75729529e-01  1.37863556e-01
   6.71002849e-02 -2.44073382e-01]
 [ 1.36735439e-02 -3.92602095e-02  1.11726855e-01 -2.79453678e-02
  -2.82451105e-01  9.53810077e-02  3.41942493e-03 -1.19665709e-01
   1.42393036e-01  3.51170918e-01  2.33173781e-01  1.02614916e-02
  -1.21467221e-02  1.19563094e+00  6.00381020e-02  1.50233380e-01
   1.67109437e-01 -1.38122283e-01  5.23928654e-02 -2.77704375e-02
  -2.51848330e-02  1.07128148e-01]
 [ 1.94657820e-01 -1.36288189e-01 -2.79453678e-02  3.96537211e-02
  -4.44031052e-02  2.02645028e-01 -1.15371302e-01  8.08452474e-02
  -1.51956575e-01 -2.55250894e-02  1.40339715e-01 -2.64922436e-01
  -1.52076639e-01  6.00381020e-02  1.05812391e+00 -1.26279208e-01
  -1.56278587e-01  6.63451360e-02  1.08100903e-01 -8.69705589e-02
   1.80438920e-02  2.50418896e-01]
 [ 2.57696447e-02  1.21358161e-01 -2.82451105e-01 -4.44031052e-02
   1.06791890e-03  1.19098332e-01  9.89856871e-02 -1.73867118e-02
   8.92895088e-02 -1.17072697e-01  4.77387883e-02 -1.16397000e-01
  -1.70316999e-01  1.50233380e-01 -1.26279208e-01  1.40793101e+00
   8.78416922e-02 -5.23551515e-02 -1.09277071e-01  3.17823778e-01
  -7.67007114e-02  9.20163488e-03]
 [-9.34258432e-02  5.94588030e-02  9.53810077e-02  2.02645028e-01
   1.19098332e-01  1.24939929e-01  9.25325641e-02  1.00938445e-01
  -1.05919589e-01  2.33942182e-01 -1.80066048e-01 -2.77786476e-02
   1.93210366e-01  1.67109437e-01 -1.56278587e-01  8.78416922e-02
   1.03748053e+00 -1.80413832e-01 -1.70185260e-01  7.49434959e-03
  -1.21243246e-02  1.19176942e-01]
 [ 3.06071023e-01 -2.04208925e-01  3.41942493e-03 -1.15371302e-01
   9.89856871e-02  9.25325641e-02  1.42601857e-01  3.00470704e-03
  -5.41016095e-02  1.54644043e-01  4.58570164e-02  1.84352911e-01
  -8.88897140e-02 -1.38122283e-01  6.63451360e-02 -5.23551515e-02
  -1.80413832e-01  1.11872494e+00 -1.85078243e-01  1.63635649e-01
   4.10838563e-02 -1.45415426e-01]
 [-6.84175928e-02  4.25393574e-02 -1.19665709e-01  8.08452474e-02
  -1.73867118e-02  1.00938445e-01  3.00470704e-03 -5.00855720e-03
  -1.91993580e-02 -8.57553784e-02  1.32562548e-01  2.12862662e-01
   1.75729529e-01  5.23928654e-02  1.08100903e-01 -1.09277071e-01
  -1.70185260e-01 -1.85078243e-01  1.53399468e+00  2.21911345e-01
   4.66764387e-02  5.90270891e-02]
 [ 1.56384865e-01 -1.12173887e-01  1.42393036e-01 -1.51956575e-01
   8.92895088e-02 -1.05919589e-01 -5.41016095e-02 -1.91993580e-02
  -1.59897766e-03  1.12379234e-02 -1.67020674e-01  1.01288244e-02
   1.37863556e-01 -2.77704375e-02 -8.69705589e-02  3.17823778e-01
   7.49434959e-03  1.63635649e-01  2.21911345e-01  1.36035571e+00
   1.01931452e-01  1.69999850e-01]
 [ 1.14174511e-01  2.52357419e-01  3.51170918e-01 -2.55250894e-02
  -1.17072697e-01  2.33942182e-01  1.54644043e-01 -8.57553784e-02
   1.12379234e-02 -1.36509979e-01 -4.85984294e-02 -1.70156069e-01
   6.71002849e-02 -2.51848330e-02  1.80438920e-02 -7.67007114e-02
  -1.21243246e-02  4.10838563e-02  4.66764387e-02  1.01931452e-01
   1.21811063e+00 -1.67453414e-01]
 [-8.68526065e-03 -9.90412804e-02  2.33173781e-01  1.40339715e-01
   4.77387883e-02 -1.80066048e-01  4.58570164e-02  1.32562548e-01
  -1.67020674e-01 -4.85984294e-02 -2.86017307e-02 -6.02629528e-02
  -2.44073382e-01  1.07128148e-01  2.50418896e-01  9.20163488e-03
   1.19176942e-01 -1.45415426e-01  5.90270891e-02  1.69999850e-01
  -1.67453414e-01  1.23719463e+00]]
INFO 2022-01-27 11:41:15,136 iteration = 0, sample = [0 0 0 0 0 2 0 0 0 0 0], time = 0.31311726570129395
INFO 2022-01-27 11:41:15,136 iteration = 1, sample = [0 0 0 0 0 0 0 0 0 0 0], time = 0.008022546768188477
INFO 2022-01-27 11:41:15,148 iteration = 2, sample = [0 0 0 0 0 0 0 0 0 0 0], time = 0.012057065963745117
INFO 2022-01-27 11:41:15,158 iteration = 3, sample = [0 0 0 0 0 0 0 0 0 0 0], time = 0.008024930953979492
INFO 2022-01-27 11:41:15,349 iteration = 4, sample = [1 1 0 0 0 0 0 0 0 0 0], time = 0.19355273246765137
INFO 2022-01-27 11:41:15,359 iteration = 5, sample = [0 0 0 0 0 0 0 0 0 0 0], time = 0.010038375854492188
INFO 2022-01-27 11:41:15,369 iteration = 6, sample = [0 0 0 0 0 0 0 0 0 0 0], time = 0.008054256439208984
INFO 2022-01-27 11:41:15,379 iteration = 7, sample = [0 0 0 0 0 0 1 0 0 0 1], time = 0.002018451690673828
INFO 2022-01-27 11:41:15,387 iteration = 8, sample = [0 0 0 0 0 0 0 0 0 0 0], time = 0.010044336318969727
INFO 2022-01-27 11:41:15,390 iteration = 9, sample = [0 0 0 0 0 0 0 0 0 0 0], time = 0.010054588317871094
INFO 2022-01-27 11:41:15,400 iteration = 10, sample = [0 1 0 0 1 0 0 0 0 0 0], time = 0.010038614273071289
INFO 2022-01-27 11:41:15,410 iteration = 11, sample = [1 0 0 1 0 0 0 0 0 0 0], time = 0.010058164596557617
INFO 2022-01-27 11:41:15,420 iteration = 12, sample = [0 0 0 0 0 0 0 0 0 0 0], time = 0.008020162582397461
INFO 2022-01-27 11:41:15,430 iteration = 13, sample = [1 0 0 1 0 0 0 0 0 0 0], time = 0.010060310363769531
INFO 2022-01-27 11:41:15,440 iteration = 14, sample = [0 0 0 0 0 0 0 0 0 0 0], time = 0.002017498016357422
INFO 2022-01-27 11:41:15,450 iteration = 15, sample = [0 2 0 0 0 3 0 0 1 0 2], time = 0.018097400665283203
INFO 2022-01-27 11:41:15,460 iteration = 16, sample = [0 0 0 0 0 0 0 0 0 0 0], time = 0.0020210742950439453
INFO 2022-01-27 11:41:15,468 iteration = 17, sample = [0 0 0 0 0 1 0 3 0 0 0], time = 0.010033845901489258
INFO 2022-01-27 11:41:15,478 iteration = 18, sample = [0 0 0 0 0 2 1 1 0 0 0], time = 0.010078907012939453
INFO 2022-01-27 11:41:15,480 iteration = 19, sample = [0 0 0 0 0 1 0 0 0 1 0], time = 0.010042667388916016
INFO 2022-01-27 11:41:15,490 iteration = 20, sample = [0 0 0 0 0 0 0 0 0 0 0], time = 0.010065555572509766
INFO 2022-01-27 11:41:15,500 iteration = 21, sample = [0 0 0 0 0 0 0 0 0 0 0], time = 0.00802469253540039
INFO 2022-01-27 11:41:15,510 iteration = 22, sample = [0 1 0 0 0 0 0 0 0 0 1], time = 0.002016305923461914
INFO 2022-01-27 11:41:15,518 iteration = 23, sample = [0 0 0 0 0 0 0 0 0 0 0], time = 0.010061979293823242
INFO 2022-01-27 11:41:15,528 iteration = 24, sample = [0 0 0 2 1 0 2 0 1 0 0], time = 0.010033130645751953
INFO 2022-01-27 11:41:15,530 iteration = 25, sample = [0 0 0 0 0 0 0 0 0 0 0], time = 0.010055780410766602
INFO 2022-01-27 11:41:15,540 iteration = 26, sample = [0 1 0 0 0 0 0 0 1 0 0], time = 0.010036945343017578
INFO 2022-01-27 11:41:15,550 iteration = 27, sample = [0 0 0 0 0 0 0 0 0 0 0], time = 0.008043766021728516
INFO 2022-01-27 11:41:15,560 iteration = 28, sample = [0 0 0 0 0 0 0 0 0 0 0], time = 0.0020182132720947266
INFO 2022-01-27 11:41:15,570 iteration = 29, sample = [0 0 1 0 0 0 0 0 0 1 0], time = 0.010037422180175781
INFO 2022-01-27 11:41:15,578 iteration = 30, sample = [0 0 0 0 0 0 0 0 0 0 0], time = 0.010078668594360352
INFO 2022-01-27 11:41:15,580 iteration = 31, sample = [0 0 0 0 0 0 0 0 0 0 0], time = 0.010040044784545898
INFO 2022-01-27 11:41:15,591 iteration = 32, sample = [0 0 0 0 1 1 0 0 0 0 0], time = 0.010050773620605469
INFO 2022-01-27 11:41:15,601 iteration = 33, sample = [0 0 0 0 0 0 0 0 0 0 0], time = 0.010037422180175781
INFO 2022-01-27 11:41:15,611 iteration = 34, sample = [0 1 0 0 0 1 0 0 0 0 0], time = 0.008047103881835938
INFO 2022-01-27 11:41:15,621 iteration = 35, sample = [0 0 0 0 0 0 0 0 0 0 0], time = 0.0020203590393066406
INFO 2022-01-27 11:41:15,631 iteration = 36, sample = [0 0 1 0 1 0 0 0 0 0 0], time = 0.010062694549560547
INFO 2022-01-27 11:41:15,639 iteration = 37, sample = [0 0 0 0 0 0 0 0 0 0 0], time = 0.010064125061035156
INFO 2022-01-27 11:41:15,649 iteration = 38, sample = [0 0 1 0 0 1 0 0 0 0 0], time = 0.01003885269165039
INFO 2022-01-27 11:41:15,659 iteration = 39, sample = [0 0 0 0 0 0 0 0 0 1 1], time = 0.01007223129272461
INFO 2022-01-27 11:41:15,661 iteration = 40, sample = [0 0 0 1 0 0 0 0 0 0 1], time = 0.010058164596557617
INFO 2022-01-27 11:41:15,671 iteration = 41, sample = [0 0 0 0 0 0 0 0 0 0 0], time = 0.010079383850097656
INFO 2022-01-27 11:41:15,681 iteration = 42, sample = [0 0 0 0 1 0 0 1 0 0 0], time = 0.010044097900390625
INFO 2022-01-27 11:41:15,691 iteration = 43, sample = [0 0 0 0 0 0 0 0 0 0 0], time = 0.008040189743041992
INFO 2022-01-27 11:41:15,701 iteration = 44, sample = [1 0 0 0 0 0 1 0 0 0 0], time = 0.010040044784545898
INFO 2022-01-27 11:41:15,711 iteration = 45, sample = [0 0 0 0 0 0 0 0 0 0 0], time = 0.0020148754119873047
INFO 2022-01-27 11:41:15,721 iteration = 46, sample = [0 0 0 0 0 1 0 0 0 1 0], time = 0.010282516479492188
INFO 2022-01-27 11:41:15,730 iteration = 47, sample = [0 0 0 0 0 0 0 0 0 0 0], time = 0.010042667388916016
INFO 2022-01-27 11:41:15,732 iteration = 48, sample = [0 0 1 0 1 0 0 0 0 0 0], time = 0.010046243667602539
INFO 2022-01-27 11:41:15,742 iteration = 49, sample = [0 0 0 1 0 0 0 1 0 0 0], time = 0.010040044784545898
INFO 2022-01-27 11:41:15,752 iteration = 50, sample = [0 0 0 0 0 0 0 0 0 0 0], time = 0.010061025619506836
INFO 2022-01-27 11:41:15,762 iteration = 51, sample = [0 0 0 0 0 0 0 0 0 0 0], time = 0.008018255233764648
INFO 2022-01-27 11:41:15,772 iteration = 52, sample = [0 0 0 0 0 0 0 0 1 0 1], time = 0.002015829086303711
INFO 2022-01-27 11:41:15,780 iteration = 53, sample = [0 0 0 0 0 0 0 0 0 0 0], time = 0.010109424591064453
INFO 2022-01-27 11:41:15,790 iteration = 54, sample = [1 0 0 0 0 0 1 0 0 0 0], time = 0.010040760040283203
INFO 2022-01-27 11:41:15,792 iteration = 55, sample = [0 0 0 0 0 0 0 0 0 0 0], time = 0.010047197341918945
INFO 2022-01-27 11:41:15,802 iteration = 56, sample = [0 0 0 0 0 0 0 0 0 0 0], time = 0.010039567947387695
INFO 2022-01-27 11:41:15,812 iteration = 57, sample = [0 0 0 0 0 0 0 0 0 0 0], time = 0.008057832717895508
INFO 2022-01-27 11:41:15,822 iteration = 58, sample = [0 0 0 0 0 0 0 0 0 0 0], time = 0.0020275115966796875
INFO 2022-01-27 11:41:15,832 iteration = 59, sample = [0 0 0 0 0 0 0 0 0 0 0], time = 0.010041475296020508
INFO 2022-01-27 11:41:15,840 iteration = 60, sample = [0 0 0 0 0 0 0 0 0 0 0], time = 0.01005411148071289
INFO 2022-01-27 11:41:15,842 iteration = 61, sample = [0 0 0 0 0 0 0 0 0 0 0], time = 0.010050535202026367
INFO 2022-01-27 11:41:15,852 iteration = 62, sample = [0 0 0 0 0 0 0 0 0 0 0], time = 0.010056734085083008
INFO 2022-01-27 11:41:15,862 iteration = 63, sample = [0 0 1 0 0 0 0 0 0 0 1], time = 0.010045289993286133
INFO 2022-01-27 11:41:15,872 iteration = 64, sample = [0 0 1 0 1 0 0 0 0 0 0], time = 0.008052349090576172
INFO 2022-01-27 11:41:15,882 iteration = 65, sample = [0 0 0 0 0 0 0 0 0 0 0], time = 0.010038614273071289
INFO 2022-01-27 11:41:15,892 iteration = 66, sample = [0 0 0 0 0 0 0 0 0 0 0], time = 0.0020160675048828125
INFO 2022-01-27 11:41:15,900 iteration = 67, sample = [0 0 0 0 0 0 0 0 0 0 0], time = 0.010065317153930664
INFO 2022-01-27 11:41:15,902 iteration = 68, sample = [0 0 0 0 0 0 0 0 0 0 0], time = 0.010044336318969727
INFO 2022-01-27 11:41:15,913 iteration = 69, sample = [0 0 0 0 0 0 0 0 0 0 0], time = 0.010063648223876953
INFO 2022-01-27 11:41:15,923 iteration = 70, sample = [0 0 0 0 0 0 0 0 0 0 0], time = 0.010035037994384766
INFO 2022-01-27 11:41:15,933 iteration = 71, sample = [0 0 0 0 0 0 1 1 0 0 0], time = 0.008033275604248047
INFO 2022-01-27 11:41:15,943 iteration = 72, sample = [0 0 1 0 0 0 0 0 0 1 0], time = 0.002017974853515625
INFO 2022-01-27 11:41:15,953 iteration = 73, sample = [0 0 0 0 1 0 0 0 1 0 0], time = 0.010035514831542969
INFO 2022-01-27 11:41:15,961 iteration = 74, sample = [0 0 0 0 0 0 0 0 0 0 0], time = 0.010056018829345703
INFO 2022-01-27 11:41:15,963 iteration = 75, sample = [0 0 1 0 1 0 0 0 0 0 0], time = 0.010041475296020508
INFO 2022-01-27 11:41:15,973 iteration = 76, sample = [0 1 0 0 0 0 0 0 0 0 1], time = 0.010070323944091797
INFO 2022-01-27 11:41:15,983 iteration = 77, sample = [0 0 0 0 0 0 0 0 0 0 0], time = 0.010037899017333984
INFO 2022-01-27 11:41:15,993 iteration = 78, sample = [0 0 0 0 0 0 0 0 0 0 0], time = 0.008028745651245117
INFO 2022-01-27 11:41:16,003 iteration = 79, sample = [0 1 0 0 1 0 0 0 0 0 0], time = 0.002020597457885742
INFO 2022-01-27 11:41:16,011 iteration = 80, sample = [0 0 0 0 0 0 0 0 0 0 0], time = 0.010036230087280273
INFO 2022-01-27 11:41:16,013 iteration = 81, sample = [0 0 0 0 0 1 1 0 0 1 1], time = 0.010083913803100586
INFO 2022-01-27 11:41:16,023 iteration = 82, sample = [0 0 0 0 0 0 0 0 0 0 0], time = 0.01003885269165039
INFO 2022-01-27 11:41:16,033 iteration = 83, sample = [0 0 1 0 0 0 0 0 0 0 1], time = 0.010055065155029297
INFO 2022-01-27 11:41:16,043 iteration = 84, sample = [0 0 0 0 0 0 0 0 0 1 1], time = 0.010042190551757812
INFO 2022-01-27 11:41:16,053 iteration = 85, sample = [1 1 0 0 0 0 0 0 0 0 0], time = 0.008066892623901367
INFO 2022-01-27 11:41:16,063 iteration = 86, sample = [0 1 0 0 0 0 0 0 0 0 1], time = 0.010051727294921875
INFO 2022-01-27 11:41:16,073 iteration = 87, sample = [0 0 0 0 0 0 0 0 0 0 0], time = 0.002017498016357422
INFO 2022-01-27 11:41:16,081 iteration = 88, sample = [0 0 0 0 0 0 0 0 0 0 0], time = 0.010072708129882812
INFO 2022-01-27 11:41:16,083 iteration = 89, sample = [0 0 0 0 0 0 0 0 0 0 0], time = 0.010043859481811523
INFO 2022-01-27 11:41:16,093 iteration = 90, sample = [0 0 0 0 0 0 0 0 0 0 0], time = 0.010066032409667969
INFO 2022-01-27 11:41:16,104 iteration = 91, sample = [0 0 0 0 0 0 0 0 0 0 0], time = 0.010040760040283203
INFO 2022-01-27 11:41:16,114 iteration = 92, sample = [0 0 1 0 0 0 0 0 0 0 1], time = 0.008053302764892578
INFO 2022-01-27 11:41:16,124 iteration = 93, sample = [0 0 1 0 0 0 0 0 0 0 1], time = 0.010049104690551758
INFO 2022-01-27 11:41:16,134 iteration = 94, sample = [0 0 1 0 0 0 0 0 1 0 0], time = 0.002016782760620117
INFO 2022-01-27 11:41:16,142 iteration = 95, sample = [0 0 0 0 0 0 0 0 0 0 0], time = 0.01004934310913086
INFO 2022-01-27 11:41:16,152 iteration = 96, sample = [0 0 0 0 0 0 0 0 0 0 0], time = 0.010040760040283203
INFO 2022-01-27 11:41:16,154 iteration = 97, sample = [0 1 0 0 0 0 1 0 0 0 0], time = 0.010044097900390625
INFO 2022-01-27 11:41:16,164 iteration = 98, sample = [0 2 0 0 0 0 0 0 0 0 2], time = 0.010040283203125
INFO 2022-01-27 11:41:16,174 iteration = 99, sample = [0 0 0 0 0 0 0 0 0 0 0], time = 0.010063886642456055
INFO 2022-01-27 11:41:16,194 
INFO 2022-01-27 11:41:16,194 Number of coherent states = 1
INFO 2022-01-27 11:41:16,262 mu = [-0.3522061   0.26303136  0.02481418  0.3016238  -0.33804321 -0.20887038
 -0.27377236  0.33027242 -0.23305388 -0.17813907 -0.04940475 -0.15954005
 -0.14867866  0.26522983 -0.04443565 -0.02326421  0.21712048  0.68586285
  0.16641468  0.05940703 -0.08785336 -0.21872727]
INFO 2022-01-27 11:41:16,264 cov = [[ 1.15587835e+00  7.57056575e-02  1.11583164e-02  2.27589347e-01
   1.51582786e-01  7.06047414e-02 -9.16696528e-02 -2.34152192e-01
   2.10008782e-02  1.81812587e-01  4.57924748e-02  2.90693977e-02
  -9.70724377e-02 -1.78560851e-02  1.72088434e-01  5.91272762e-02
  -9.83614502e-02  2.55318848e-01 -1.16864810e-01  1.71056464e-01
   1.40095184e-01  1.99523815e-02]
 [ 7.57056575e-02  1.25669336e+00  3.67052708e-02  1.73162943e-01
   1.40482645e-01 -1.91994449e-01  1.24545035e-01 -1.34384558e-01
  -1.52027896e-01 -8.92387609e-02  2.21435494e-01 -7.27740295e-02
  -3.04164593e-02 -1.95077626e-02 -1.65553059e-01  1.48134978e-01
   9.50821945e-02 -1.24445353e-01  2.82198040e-02 -8.74955816e-02
   2.60238019e-01 -1.12873927e-01]
 [ 1.11583164e-02  3.67052708e-02  1.13533028e+00 -5.09643843e-02
  -1.49338877e-01 -2.01610617e-01  3.21376931e-02 -7.50241888e-02
   1.69628197e-02  3.71029177e-02 -7.43917262e-02 -4.08992910e-02
  -5.86935248e-04  1.17546453e-01  1.73822045e-02 -3.33819808e-01
   6.54411297e-02 -3.27037344e-02 -6.83607083e-02  1.07564991e-01
   3.23513351e-01  2.23992136e-01]
 [ 2.27589347e-01  1.73162943e-01 -5.09643843e-02  1.34018460e+00
   9.37417863e-02  1.42047141e-01 -7.48186970e-02 -7.26662842e-02
   6.64525849e-02 -3.71079196e-02 -2.60636854e-01  1.88515394e-01
  -1.57012114e-01 -3.50897484e-03  2.78023705e-02 -3.80258968e-02
   2.28463129e-01 -4.36075698e-02  8.81938053e-02 -1.40429886e-01
  -2.93085772e-02  1.20921948e-01]
 [ 1.51582786e-01  1.40482645e-01 -1.49338877e-01  9.37417863e-02
   9.98495120e-01 -6.28348952e-02  9.04619931e-02  7.65057533e-02
  -2.92350261e-01  9.44018921e-02 -6.87392344e-03  4.73456920e-02
   1.33612272e-01 -3.10873159e-01 -4.37027318e-02  8.02186275e-03
   9.88756753e-02  2.99770441e-02 -3.93995813e-02  8.60926653e-02
  -1.05401465e-01  7.15620182e-02]
 [ 7.06047414e-02 -1.91994449e-01 -2.01610617e-01  1.42047141e-01
  -6.28348952e-02  1.32020559e+00  1.13312834e-01  1.27942441e-01
   3.93765076e-04  3.46726079e-02 -8.88307892e-02 -1.26643440e-01
   1.01793698e-01  8.10991139e-02  2.42941629e-01  7.87178451e-02
   8.48395626e-02  1.37105636e-02  1.30987292e-01 -1.38696224e-01
   2.17610012e-01 -1.71875670e-01]
 [-9.16696528e-02  1.24545035e-01  3.21376931e-02 -7.48186970e-02
   9.04619931e-02  1.13312834e-01  1.00712635e+00  9.15845540e-02
  -1.66906345e-01  8.59761404e-03  2.35300385e-01  1.81843005e-01
  -8.84601204e-02 -9.61544760e-03  6.54719842e-03 -3.13862815e-02
  -7.87935247e-03 -2.34323457e-02  1.18054449e-01 -1.50454429e-01
   9.24261772e-02  4.52739813e-02]
 [-2.34152192e-01 -1.34384558e-01 -7.50241888e-02 -7.26662842e-02
   7.65057533e-02  1.27942441e-01  9.15845540e-02  8.55302380e-01
  -2.51672577e-01 -5.67639087e-02 -4.33586149e-02 -1.18389897e-01
   5.21439775e-02 -8.98614476e-02  1.04903835e-01 -5.19112264e-02
   1.03562137e-01  4.79688634e-02  4.35912600e-02 -3.51939219e-02
  -1.11771456e-01  1.05234176e-01]
 [ 2.10008782e-02 -1.52027896e-01  1.69628197e-02  6.64525849e-02
  -2.92350261e-01  3.93765076e-04 -1.66906345e-01 -2.51672577e-01
   1.02557784e+00 -8.59437689e-02 -1.58973788e-01  1.56089177e-01
  -9.23960427e-02  1.23867120e-01 -1.38481812e-01  7.95230859e-02
  -1.28858222e-01 -1.13469833e-01 -2.01495782e-02 -1.38413302e-02
   1.16112834e-02 -1.52724476e-01]
 [ 1.81812587e-01 -8.92387609e-02  3.71029177e-02 -3.71079196e-02
   9.44018921e-02  3.46726079e-02  8.59761404e-03 -5.67639087e-02
  -8.59437689e-02  1.15835627e+00  1.59240287e-01  1.40744872e-01
   2.47463157e-01  3.35122389e-01 -3.81734002e-02 -9.88190030e-02
   2.32299786e-01  1.30093852e-01 -1.11609325e-01  1.96113463e-02
  -1.22671502e-01 -3.39120760e-02]
 [ 4.57924748e-02  2.21435494e-01 -7.43917262e-02 -2.60636854e-01
  -6.87392344e-03 -8.88307892e-02  2.35300385e-01 -4.33586149e-02
  -1.58973788e-01  1.59240287e-01  1.10718704e+00  3.77660697e-02
  -1.29585777e-01  2.25969421e-01  1.03362337e-01  9.03120129e-02
  -1.57344359e-01  6.94273131e-02  8.87437652e-02 -1.38837709e-01
  -2.49933884e-02 -1.90464747e-02]
 [ 2.90693977e-02 -7.27740295e-02 -4.08992910e-02  1.88515394e-01
   4.73456920e-02 -1.26643440e-01  1.81843005e-01 -1.18389897e-01
   1.56089177e-01  1.40744872e-01  3.77660697e-02  1.17654173e+00
  -5.79522441e-02  1.99283845e-03 -2.02050663e-01 -1.83207814e-01
  -8.06317153e-02  9.50178924e-02  2.70955130e-01 -3.97032930e-02
  -2.01584673e-01 -5.92635387e-02]
 [-9.70724377e-02 -3.04164593e-02 -5.86935248e-04 -1.57012114e-01
   1.33612272e-01  1.01793698e-01 -8.84601204e-02  5.21439775e-02
  -9.23960427e-02  2.47463157e-01 -1.29585777e-01 -5.79522441e-02
   1.09072142e+00 -2.82287098e-02 -1.95301089e-01 -1.18469708e-01
   2.14461665e-01 -7.97284249e-02  1.18380535e-01  1.70093506e-01
   9.79438395e-02 -2.26464970e-01]
 [-1.78560851e-02 -1.95077626e-02  1.17546453e-01 -3.50897484e-03
  -3.10873159e-01  8.10991139e-02 -9.61544760e-03 -8.98614476e-02
   1.23867120e-01  3.35122389e-01  2.25969421e-01  1.99283845e-03
  -2.82287098e-02  1.21732085e+00  5.20723105e-02  1.53089043e-01
   1.88111871e-01 -7.72464021e-02  6.15435524e-02 -1.95318933e-02
  -2.99620669e-02  8.96511183e-02]
 [ 1.72088434e-01 -1.65553059e-01  1.73822045e-02  2.78023705e-02
  -4.37027318e-02  2.42941629e-01  6.54719842e-03  1.04903835e-01
  -1.38481812e-01 -3.81734002e-02  1.03362337e-01 -2.02050663e-01
  -1.95301089e-01  5.20723105e-02  1.00680242e+00 -6.77436536e-02
  -1.23333658e-01  1.03940090e-01  4.89104363e-02 -4.76653740e-02
   4.99429274e-02  2.61971781e-01]
 [ 5.91272762e-02  1.48134978e-01 -3.33819808e-01 -3.80258968e-02
   8.02186275e-03  7.87178451e-02 -3.13862815e-02 -5.19112264e-02
   7.95230859e-02 -9.88190030e-02  9.03120129e-02 -1.83207814e-01
  -1.18469708e-01  1.53089043e-01 -6.77436536e-02  1.34286020e+00
   4.59482666e-02 -1.10191070e-01 -4.67494415e-02  2.72412693e-01
  -1.10440137e-01  1.26116464e-03]
 [-9.83614502e-02  9.50821945e-02  6.54411297e-02  2.28463129e-01
   9.88756753e-02  8.48395626e-02 -7.87935247e-03  1.03562137e-01
  -1.28858222e-01  2.32299786e-01 -1.57344359e-01 -8.06317153e-02
   2.14461665e-01  1.88111871e-01 -1.23333658e-01  4.59482666e-02
   1.02734383e+00 -1.66401687e-01 -1.19480051e-01 -1.62553006e-02
  -3.93435525e-02  9.84056839e-02]
 [ 2.55318848e-01 -1.24445353e-01 -3.27037344e-02 -4.36075698e-02
   2.99770441e-02  1.37105636e-02 -2.34323457e-02  4.79688634e-02
  -1.13469833e-01  1.30093852e-01  6.94273131e-02  9.50178924e-02
  -7.97284249e-02 -7.72464021e-02  1.03940090e-01 -1.10191070e-01
  -1.66401687e-01  1.22332471e+00 -9.76941356e-02  1.39975562e-01
  -5.63897907e-03 -2.00141523e-01]
 [-1.16864810e-01  2.82198040e-02 -6.83607083e-02  8.81938053e-02
  -3.93995813e-02  1.30987292e-01  1.18054449e-01  4.35912600e-02
  -2.01495782e-02 -1.11609325e-01  8.87437652e-02  2.70955130e-01
   1.18380535e-01  6.15435524e-02  4.89104363e-02 -4.67494415e-02
  -1.19480051e-01 -9.76941356e-02  1.48039643e+00  2.68953058e-01
   7.56850991e-02  5.69378772e-02]
 [ 1.71056464e-01 -8.74955816e-02  1.07564991e-01 -1.40429886e-01
   8.60926653e-02 -1.38696224e-01 -1.50454429e-01 -3.51939219e-02
  -1.38413302e-02  1.96113463e-02 -1.38837709e-01 -3.97032930e-02
   1.70093506e-01 -1.95318933e-02 -4.76653740e-02  2.72412693e-01
  -1.62553006e-02  1.39975562e-01  2.68953058e-01  1.33045271e+00
   7.65940310e-02  1.59355015e-01]
 [ 1.40095184e-01  2.60238019e-01  3.23513351e-01 -2.93085772e-02
  -1.05401465e-01  2.17610012e-01  9.24261772e-02 -1.11771456e-01
   1.16112834e-02 -1.22671502e-01 -2.49933884e-02 -2.01584673e-01
   9.79438395e-02 -2.99620669e-02  4.99429274e-02 -1.10440137e-01
  -3.93435525e-02 -5.63897907e-03  7.56850991e-02  7.65940310e-02
   1.20241177e+00 -1.66457162e-01]
 [ 1.99523815e-02 -1.12873927e-01  2.23992136e-01  1.20921948e-01
   7.15620182e-02 -1.71875670e-01  4.52739813e-02  1.05234176e-01
  -1.52724476e-01 -3.39120760e-02 -1.90464747e-02 -5.92635387e-02
  -2.26464970e-01  8.96511183e-02  2.61971781e-01  1.26116464e-03
   9.84056839e-02 -2.00141523e-01  5.69378772e-02  1.59355015e-01
  -1.66457162e-01  1.25079111e+00]]
INFO 2022-01-27 11:41:16,282 iteration = 0, sample = [0 1 0 0 0 0 0 0 0 0 0], time = 0.002016305923461914
INFO 2022-01-27 11:41:16,294 iteration = 1, sample = [0 0 1 0 1 0 0 0 0 0 0], time = 0.008020877838134766
INFO 2022-01-27 11:41:16,302 iteration = 2, sample = [0 0 0 0 0 0 1 0 0 0 0], time = 0.012071847915649414
INFO 2022-01-27 11:41:16,304 iteration = 3, sample = [0 0 0 0 0 0 0 0 0 0 0], time = 0.010038137435913086
INFO 2022-01-27 11:41:16,315 iteration = 4, sample = [0 0 0 0 0 0 0 0 0 0 0], time = 0.010055780410766602
INFO 2022-01-27 11:41:16,325 iteration = 5, sample = [0 0 1 0 1 0 0 0 0 0 0], time = 0.00803065299987793
INFO 2022-01-27 11:41:16,335 iteration = 6, sample = [0 0 0 0 1 0 0 0 0 0 0], time = 0.010074853897094727
INFO 2022-01-27 11:41:16,345 iteration = 7, sample = [1 0 0 1 0 0 0 0 0 0 0], time = 0.002017498016357422
INFO 2022-01-27 11:41:16,353 iteration = 8, sample = [0 0 0 0 0 0 0 0 0 0 0], time = 0.010045289993286133
INFO 2022-01-27 11:41:16,355 iteration = 9, sample = [0 0 0 0 0 0 0 0 0 0 0], time = 0.01005411148071289
INFO 2022-01-27 11:41:16,365 iteration = 10, sample = [0 0 0 0 1 0 0 0 0 0 0], time = 0.010040521621704102
INFO 2022-01-27 11:41:16,375 iteration = 11, sample = [0 0 0 0 0 0 0 0 0 0 0], time = 0.008054733276367188
INFO 2022-01-27 11:41:16,385 iteration = 12, sample = [1 0 0 0 0 0 0 0 0 1 0], time = 0.010041475296020508
INFO 2022-01-27 11:41:16,395 iteration = 13, sample = [0 0 0 0 2 0 0 0 0 0 0], time = 0.002017498016357422
INFO 2022-01-27 11:41:16,403 iteration = 14, sample = [0 0 1 0 0 0 1 0 0 1 0], time = 0.010052204132080078
INFO 2022-01-27 11:41:16,405 iteration = 15, sample = [1 0 1 0 1 0 0 0 0 0 0], time = 0.010034799575805664
INFO 2022-01-27 11:41:16,415 iteration = 16, sample = [0 0 0 0 1 0 0 2 0 0 0], time = 0.010053396224975586
INFO 2022-01-27 11:41:16,425 iteration = 17, sample = [0 0 1 0 1 0 0 0 0 0 0], time = 0.010040998458862305
INFO 2022-01-27 11:41:16,435 iteration = 18, sample = [0 0 1 0 0 0 1 0 0 0 1], time = 0.008029699325561523
INFO 2022-01-27 11:41:16,445 iteration = 19, sample = [0 0 0 0 1 0 0 0 0 1 1], time = 0.010039091110229492
INFO 2022-01-27 11:41:16,455 iteration = 20, sample = [0 0 0 0 0 0 0 0 0 0 0], time = 0.002016782760620117
INFO 2022-01-27 11:41:16,463 iteration = 21, sample = [0 0 0 0 0 0 0 0 0 0 0], time = 0.010059118270874023
INFO 2022-01-27 11:41:16,465 iteration = 22, sample = [0 0 0 0 0 1 0 1 0 0 1], time = 0.01003408432006836
INFO 2022-01-27 11:41:16,475 iteration = 23, sample = [0 0 0 0 0 0 0 0 0 0 0], time = 0.010077953338623047
INFO 2022-01-27 11:41:16,485 iteration = 24, sample = [0 0 0 0 1 0 0 0 0 0 0], time = 0.010048866271972656
INFO 2022-01-27 11:41:16,495 iteration = 25, sample = [0 0 0 0 0 0 0 2 0 0 0], time = 0.00803065299987793
INFO 2022-01-27 11:41:16,506 iteration = 26, sample = [1 2 0 1 0 1 0 0 1 0 1], time = 0.012062549591064453
INFO 2022-01-27 11:41:16,516 iteration = 27, sample = [0 0 0 0 0 0 0 1 0 0 0], time = 0.010071039199829102
INFO 2022-01-27 11:41:16,526 iteration = 28, sample = [0 0 0 0 0 0 0 0 0 2 0], time = 0.008024215698242188
INFO 2022-01-27 11:41:16,536 iteration = 29, sample = [0 0 0 0 0 0 0 0 0 0 0], time = 0.0020165443420410156
INFO 2022-01-27 11:41:16,546 iteration = 30, sample = [0 0 0 0 0 0 0 0 0 0 0], time = 0.010066986083984375
INFO 2022-01-27 11:41:16,554 iteration = 31, sample = [0 0 0 1 0 0 0 0 0 0 1], time = 0.010046958923339844
INFO 2022-01-27 11:41:16,564 iteration = 32, sample = [0 1 0 1 0 0 0 0 0 0 0], time = 0.010071992874145508
INFO 2022-01-27 11:41:16,566 iteration = 33, sample = [0 0 0 0 0 2 2 0 0 0 0], time = 0.010045766830444336
INFO 2022-01-27 11:41:16,576 iteration = 34, sample = [0 1 0 0 0 0 0 0 0 0 1], time = 0.010088443756103516
INFO 2022-01-27 11:41:16,586 iteration = 35, sample = [0 0 0 0 0 0 0 0 0 0 0], time = 0.010035276412963867
INFO 2022-01-27 11:41:16,596 iteration = 36, sample = [0 0 0 1 0 2 2 0 0 0 2], time = 0.010065317153930664
INFO 2022-01-27 11:41:16,606 iteration = 37, sample = [0 0 0 0 0 1 0 0 0 0 0], time = 0.008018255233764648
INFO 2022-01-27 11:41:16,616 iteration = 38, sample = [1 0 0 0 0 1 0 1 0 0 0], time = 0.010061264038085938
INFO 2022-01-27 11:41:16,626 iteration = 39, sample = [0 0 0 0 0 0 0 0 0 0 0], time = 0.002017498016357422
INFO 2022-01-27 11:41:16,634 iteration = 40, sample = [1 0 0 0 0 0 0 0 0 0 0], time = 0.010040521621704102
INFO 2022-01-27 11:41:16,636 iteration = 41, sample = [0 0 0 0 0 0 0 0 0 0 0], time = 0.010057687759399414
INFO 2022-01-27 11:41:16,646 iteration = 42, sample = [0 0 0 0 0 0 0 0 0 0 0], time = 0.01003575325012207
INFO 2022-01-27 11:41:16,656 iteration = 43, sample = [0 1 0 1 0 0 1 0 0 0 0], time = 0.008032560348510742
INFO 2022-01-27 11:41:16,666 iteration = 44, sample = [0 0 0 0 0 0 1 0 0 0 0], time = 0.0020182132720947266
INFO 2022-01-27 11:41:16,676 iteration = 45, sample = [0 1 0 0 0 0 0 0 0 1 0], time = 0.010044336318969727
INFO 2022-01-27 11:41:16,676 iteration = 46, sample = [0 0 0 0 0 0 0 0 0 0 0], time = 0.010064840316772461
INFO 2022-01-27 11:41:16,686 iteration = 47, sample = [0 0 0 0 0 0 0 0 0 0 0], time = 0.010038137435913086
INFO 2022-01-27 11:41:16,697 iteration = 48, sample = [0 0 0 0 0 0 0 0 0 0 0], time = 0.010048151016235352
INFO 2022-01-27 11:41:16,707 iteration = 49, sample = [0 0 0 0 0 0 1 0 0 0 0], time = 0.0
INFO 2022-01-27 11:41:16,715 iteration = 50, sample = [0 0 0 0 0 0 1 0 0 0 0], time = 0.010042190551757812
INFO 2022-01-27 11:41:16,725 iteration = 51, sample = [0 2 0 0 0 0 0 0 0 0 0], time = 0.010064840316772461
INFO 2022-01-27 11:41:16,727 iteration = 52, sample = [0 0 0 0 0 0 0 0 0 0 0], time = 0.010047197341918945
INFO 2022-01-27 11:41:16,737 iteration = 53, sample = [0 0 0 0 0 0 0 0 0 0 0], time = 0.010057926177978516
INFO 2022-01-27 11:41:16,747 iteration = 54, sample = [0 0 0 0 0 0 0 1 0 1 0], time = 0.00803232192993164
INFO 2022-01-27 11:41:16,757 iteration = 55, sample = [0 0 0 0 0 0 0 0 0 0 0], time = 0.0020170211791992188
INFO 2022-01-27 11:41:16,767 iteration = 56, sample = [0 0 0 1 1 0 0 0 1 0 0], time = 0.010064363479614258
INFO 2022-01-27 11:41:16,775 iteration = 57, sample = [0 0 0 0 0 0 1 0 0 0 0], time = 0.010035514831542969
INFO 2022-01-27 11:41:16,785 iteration = 58, sample = [1 0 0 0 0 1 0 0 0 0 0], time = 0.010131120681762695
INFO 2022-01-27 11:41:16,787 iteration = 59, sample = [0 0 0 0 0 0 0 0 0 0 0], time = 0.010043859481811523
INFO 2022-01-27 11:41:16,797 iteration = 60, sample = [0 0 0 0 0 0 0 0 0 0 0], time = 0.010058164596557617
INFO 2022-01-27 11:41:16,807 iteration = 61, sample = [0 1 0 0 0 0 0 0 1 0 0], time = 0.010039091110229492
INFO 2022-01-27 11:41:16,817 iteration = 62, sample = [0 0 0 0 0 0 0 0 0 0 0], time = 0.010075807571411133
INFO 2022-01-27 11:41:16,827 iteration = 63, sample = [0 0 0 0 0 0 0 0 0 0 0], time = 0.008025407791137695
INFO 2022-01-27 11:41:16,837 iteration = 64, sample = [1 0 1 0 1 0 0 0 0 0 0], time = 0.010092973709106445
INFO 2022-01-27 11:41:16,847 iteration = 65, sample = [0 0 0 0 0 0 0 0 0 0 0], time = 0.002019166946411133
INFO 2022-01-27 11:41:16,857 iteration = 66, sample = [0 0 1 0 0 0 0 1 0 0 1], time = 0.01004791259765625
INFO 2022-01-27 11:41:16,866 iteration = 67, sample = [0 0 0 0 0 0 0 0 0 0 0], time = 0.010059356689453125
INFO 2022-01-27 11:41:16,868 iteration = 68, sample = [0 0 0 0 0 0 0 0 0 0 0], time = 0.010050773620605469
INFO 2022-01-27 11:41:16,878 iteration = 69, sample = [0 0 0 0 0 0 1 0 0 0 0], time = 0.010076761245727539
INFO 2022-01-27 11:41:16,888 iteration = 70, sample = [0 0 0 0 0 0 0 0 0 0 1], time = 0.008022546768188477
INFO 2022-01-27 11:41:16,898 iteration = 71, sample = [0 0 0 0 0 0 1 0 0 1 0], time = 0.010068655014038086
INFO 2022-01-27 11:41:16,908 iteration = 72, sample = [1 0 0 0 1 0 0 1 0 0 0], time = 0.0020177364349365234
INFO 2022-01-27 11:41:16,916 iteration = 73, sample = [0 0 0 0 0 1 0 0 0 0 0], time = 0.010036945343017578
INFO 2022-01-27 11:41:16,926 iteration = 74, sample = [0 0 0 0 1 0 1 0 0 0 0], time = 0.01006770133972168
INFO 2022-01-27 11:41:16,928 iteration = 75, sample = [0 0 0 0 0 0 0 0 0 0 0], time = 0.010049104690551758
INFO 2022-01-27 11:41:16,938 iteration = 76, sample = [0 0 0 0 0 0 0 0 0 0 0], time = 0.010061264038085938
INFO 2022-01-27 11:41:16,948 iteration = 77, sample = [0 0 0 0 0 1 1 0 0 0 0], time = 0.008024215698242188
INFO 2022-01-27 11:41:16,958 iteration = 78, sample = [0 0 0 1 0 1 0 0 0 0 0], time = 0.010097742080688477
INFO 2022-01-27 11:41:16,968 iteration = 79, sample = [0 0 0 0 0 0 1 0 1 0 0], time = 0.0020172595977783203
INFO 2022-01-27 11:41:16,976 iteration = 80, sample = [0 0 0 0 0 0 0 0 0 0 0], time = 0.010042428970336914
INFO 2022-01-27 11:41:16,978 iteration = 81, sample = [0 0 0 0 0 0 0 0 0 0 0], time = 0.01007843017578125
INFO 2022-01-27 11:41:16,988 iteration = 82, sample = [1 0 0 1 0 0 0 0 0 0 0], time = 0.010052680969238281
INFO 2022-01-27 11:41:16,998 iteration = 83, sample = [0 0 0 1 0 0 0 0 0 0 0], time = 0.010056018829345703
INFO 2022-01-27 11:41:17,008 iteration = 84, sample = [0 0 0 0 0 0 0 0 0 0 0], time = 0.008070945739746094
INFO 2022-01-27 11:41:17,018 iteration = 85, sample = [0 0 0 0 0 0 3 0 0 0 0], time = 0.0020172595977783203
INFO 2022-01-27 11:41:17,026 iteration = 86, sample = [0 0 0 0 0 0 0 0 0 0 0], time = 0.010071039199829102
